15	536
15.073	1072
15.1348	1608
15.2093	2144
15.2838	2680
15.3211	3216
15.405	3752
15.4422	4288
15.4611	4824
15.5828	5360
15.6106	5896
15.6479	6432
15.6762	6968
15.8351	7504
15.8629	8040
15.9002	8576
15.9285	9112
15.9563	9648
15.9936	10184
16.1992	10720
16.2364	11256
16.2553	11792
16.2926	12328
16.3298	12864
16.3487	13400
16.386	13936
16.4048	14472
16.4421	15008
16.661	15544
16.7878	16080
16.8161	16616
16.8439	17152
16.8812	17688
16.9	18224
16.9373	18760
16.9562	19296
16.9934	19832
17.0217	20368
17.0495	20904
17.0779	21440
17.1057	21976
17.1429	22512
17.3524	23048
17.4608	23584
17.6664	24120
17.6942	24656
17.7226	25192
17.7504	25728
17.7876	26264
17.8065	26800
17.8437	27336
17.8626	27872
17.8999	28408
17.9282	28944
17.956	29480
17.9843	30016
18.0121	30552
18.031	31088
18.0499	31624
18.0688	32160
18.0876	32696
18.1065	33232
18.4423	26585
18.4517	26853
18.4612	27121
18.638	27389
18.6658	27657
18.6846	27925
18.6941	28193
18.7035	28461
18.713	28729
18.7224	28997
18.7318	29265
18.7413	29533
18.7602	29801
18.7696	30069
18.7974	30337
18.8068	30605
18.8347	30873
18.8441	31141
18.8625	31409
18.8719	31677
18.8997	31945
18.9092	32213
18.9186	32481
18.928	32749
18.9375	33017
18.9653	33285
18.9747	33553
18.9842	33821
18.9936	34089
19.003	34357
19.0308	34625
19.0403	34893
19.0497	35161
19.0592	35429
19.0686	35697
19.0964	35965
19.1059	36233
19.1431	36501
19.1903	26585
19.1903	26719
19.2658	28729
19.2753	28997
19.2941	29265
19.313	29533
19.3508	28729
19.3508	28863
20.6116	3607
20.6546	4143
20.6861	25299
20.6956	25567
20.705	25299
20.705	25433
20.7805	25567
20.8183	21011
20.8372	21279
20.856	21547
20.8749	21815
20.8938	22083
20.9127	22351
20.9316	22619
20.9504	21011
20.9504	21145
21.0071	21279
21.026	21413
21.0826	21547
21.1015	21681
21.1581	21815
21.2148	21949
21.2336	22083
21.2903	17580
21.3092	17848
21.328	18116
21.3469	17580
21.3469	17714
21.3658	17848
21.4224	14579
21.4413	14847
21.4602	15115
21.4791	14579
21.4791	14713
21.498	14847
21.5546	11577
21.5735	11845
21.5924	12113
21.6112	11577
21.6112	11711
21.6301	11845
21.8567	11979
21.8756	12113
21.8944	12247
21.9511	9433
21.97	9701
21.9888	9969
22.0077	10237
22.0266	10505
22.0455	10773
22.0832	9433
22.0832	9567
22.121	9701
22.1588	9835
22.1965	9969
22.2343	10103
22.272	10237
22.3098	10371
22.829	10505
22.8668	10639
22.9045	10773
22.9234	10907
22.9423	11041
22.9612	11175
22.98	11309
22.9989	11443
23.0272	11577
23.0744	11711
23.5276	11845
23.5748	11979
23.6031	12113
23.622	12247
23.6408	12381
23.6597	12515
23.6786	12649
23.6975	12783
23.7164	12917
23.773	13051
23.9824	13185
24.2072	13319
24.245	13453
24.2922	13587
24.3111	13721
24.33	13855
24.3488	13989
24.3677	14123
24.3866	14257
24.4055	14391
24.4244	14525
24.481	14659
24.6904	14793
24.9076	14927
24.9624	15061
25.0002	15195
25.0568	15329
25.0852	15463
25.104	15597
25.1229	15731
25.1418	15865
25.1607	15999
25.1796	16133
25.1984	16267
25.2173	16401
25.274	16535
25.4834	16669
25.71	16803
25.812	16937
25.8404	17071
25.8687	17205
25.9253	17339
25.9725	17473
25.9914	17607
26.0103	17741
26.0292	17875
26.048	18009
26.0669	18143
26.0858	18277
26.1047	18411
26.1236	18545
26.1802	18679
26.4068	18813
26.7655	18947
26.7938	19081
26.8316	19215
26.8504	19349
26.9165	19483
26.9543	19617
26.9732	19751
26.992	19885
27.0109	20019
27.0298	20153
27.0487	20287
27.0676	20421
27.0864	20555
27.1053	20689
27.1336	20823
27.162	20957
27.398	21091
27.6074	21225
27.7661	21359
27.8133	16723
27.8228	16991
27.8322	17259
27.8511	17527
27.9077	17795
27.936	18063
27.9455	18331
27.9549	18599
27.9644	18867
27.9738	19135
27.9832	19403
27.9927	19671
28.0021	19939
28.0116	20207
28.021	20475
28.0304	20743
28.0399	21011
28.0493	21279
28.0588	21547
28.0682	21815
28.0776	22083
28.0871	22351
28.0965	22619
28.106	22887
28.1154	23155
28.1248	23423
28.1343	23691
28.1437	23959
28.1532	24227
28.1626	24495
28.1815	24763
28.1909	25031
28.2287	25299
28.3042	25567
28.3231	16723
28.3231	16857
28.3892	16723
28.3986	16991
28.408	17259
28.4175	17527
28.4269	17795
28.4364	18063
28.4647	16723
28.4647	16857
28.5359	16991
28.5737	17125
28.6114	17259
28.6492	17393
28.6869	17527
28.7058	17661
28.7247	17795
28.7436	17929
28.7625	18063
28.7813	18197
28.8002	18331
28.8191	18465
28.838	18599
28.8569	18733
28.8757	18867
28.8946	19001
28.9135	19135
28.9324	19269
28.9513	19403
28.9701	19537
28.989	19671
29.0079	19805
29.0268	19939
29.0457	20073
29.0645	20207
29.0834	20341
29.1023	20475
29.1212	20609
29.1401	20743
29.1589	20877
29.1778	21011
29.1967	21145
29.2156	21279
29.2345	21413
29.2533	21547
29.2722	21681
29.2911	21815
29.31	21949
29.3289	22083
29.3477	22217
29.3666	22351
29.3855	22485
29.4044	22619
29.4233	22753
29.4421	22887
29.461	23021
29.4799	23155
29.4988	23289
29.5177	23423
29.5365	23557
29.5554	23691
29.5743	23825
29.5932	23959
29.6121	24093
29.6309	24227
29.6498	24361
29.6687	24495
29.6876	24629
29.7065	24763
29.7253	24897
29.7442	25031
29.7631	25165
29.782	25299
29.8009	25433
29.8197	25567
29.8386	25701
29.8575	25835
29.8764	25969
29.8953	26103
29.9141	26237
29.933	26371
29.9613	26505
29.9802	26639
29.9991	26773
30.018	26907
30.0369	27041
30.0557	27175
30.0746	27309
30.1029	27443
30.1407	27577
30.1785	27711
30.2068	27845
30.2257	27979
30.2445	28113
30.2634	28247
30.2917	28381
30.3295	28515
30.3673	28649
30.405	28783
30.4428	28917
30.4805	29051
30.5183	29185
30.5561	29319
30.5938	29453
30.6316	29587
30.6693	29721
30.7071	29855
30.7449	29989
30.7826	30123
30.8204	30257
30.8581	30391
30.8959	30525
30.9242	30659
30.9431	30793
30.962	30927
30.9809	31061
31.0186	31195
31.0564	31329
31.0941	31463
31.1319	31597
31.1697	31731
31.2829	31865
31.3113	31999
31.3301	32133
31.349	32267
31.3679	32401
31.3868	32535
31.4151	32669
31.434	32803
31.4623	32937
31.4812	33071
31.5095	33205
31.5284	33339
31.5567	33473
31.5756	33607
31.5945	33741
31.6133	33875
31.6322	34009
31.6511	34143
31.67	34277
31.6889	34411
31.7077	34545
31.7266	34679
31.7455	34813
31.7644	34947
31.7833	35081
31.8116	35215
31.8305	35349
31.8682	35483
31.906	35617
32.0759	35751
32.0948	35885
32.1137	36019
32.1325	36153
32.1514	36287
32.1703	36421
32.1892	36555
32.2081	36689
32.2458	36823
32.2647	36957
32.2836	37091
32.3025	37225
32.3213	37359
32.3591	37493
32.3874	37627
32.4063	37761
32.4252	37895
32.4441	38029
32.4629	38163
32.4818	38297
32.5007	38431
32.5196	38565
32.5385	38699
32.5573	38833
32.5762	38967
32.5951	39101
32.614	39235
32.6329	39369
32.6517	39503
32.6895	39637
32.7084	39771
32.7461	39905
32.765	40039
32.9538	40173
32.9727	40307
32.9916	40441
33.0105	40575
33.0293	40709
33.0482	40843
33.0671	40977
33.086	41111
33.1049	41245
33.1426	41379
33.1615	41513
33.1804	41647
33.1993	41781
33.2181	41915
33.2559	42049
33.2842	42183
33.3031	42317
33.322	42451
33.3409	42585
33.3597	42719
33.3786	42853
33.3975	42987
33.4164	43121
33.4353	43255
33.4541	43389
33.4825	43523
33.5013	43657
33.5202	43791
33.5391	43925
33.558	44059
33.5769	44193
33.6052	44327
33.6335	44461
33.6524	44595
33.6807	44729
33.709	44863
33.7279	44997
33.8789	45131
33.8978	45265
33.9167	45399
33.9356	45533
33.9545	45667
33.9733	45801
33.9922	45935
34.0111	46069
34.03	46203
34.0677	46337
34.1055	46471
34.1244	46605
34.1433	46739
34.1621	46873
34.181	47007
34.2188	47141
34.2471	47275
34.2754	47409
34.2943	47543
34.3132	47677
34.3321	47811
34.3509	47945
34.3698	48079
34.3887	48213
34.4076	48347
34.4265	48481
34.4453	48615
34.4642	48749
34.4831	48883
34.502	49017
34.5209	49151
34.5397	49285
34.5586	49419
34.5775	49553
34.5964	49687
34.6153	49821
34.6341	49955
34.653	50089
34.6719	50223
34.6908	50357
34.7097	50491
34.8607	50625
34.8796	50759
34.8985	50893
34.9173	51027
34.9362	51161
34.9551	51295
34.974	51429
34.9929	51563
35.0117	51697
35.0306	51831
35.0495	51965
35.0684	52099
35.0873	52233
35.1061	52367
35.125	52501
35.1439	52635
35.1628	52769
35.1911	52903
35.2289	53037
35.2655	25785
35.2844	26053
35.2933	26321
35.3027	26589
35.3116	26857
35.3211	27125
35.33	27393
35.3395	27661
35.3484	27929
35.3578	28197
35.3668	28465
35.3856	28733
35.3946	29001
35.404	29269
35.4129	29537
35.4224	29805
35.4313	30073
35.4407	30341
35.4497	30609
35.4591	30877
35.468	31145
35.4775	31413
35.4864	31681
35.4958	31949
35.5048	32217
35.5142	32485
35.5231	32753
35.5326	33021
35.5415	33289
35.5604	33557
35.5693	33825
35.5976	34093
35.6066	34361
35.6349	34629
35.6438	34897
35.6532	35165
35.6622	35433
35.6716	35701
35.6805	35969
35.69	36237
35.6989	36505
35.7084	36773
35.7173	37041
35.7267	37309
35.7356	37577
35.7451	37845
35.754	38113
35.7635	38381
35.7724	38649
35.7818	38917
35.7908	39185
35.8002	39453
35.8091	39721
35.8186	39989
35.8275	40257
35.8369	40525
35.8459	40793
35.8553	41061
35.8642	41329
35.8737	25785
35.8737	25919
35.902	26053
35.9303	26187
35.9492	26321
35.9681	26455
35.9869	26589
36.0058	26723
36.0247	26857
36.0436	26991
36.0625	27125
36.0813	27259
36.1002	27393
36.1191	27527
36.138	27661
36.1569	27795
36.1757	27929
36.1946	28063
36.2135	28197
36.2324	28331
36.2501	28465
36.3157	28599
36.334	28733
36.3524	28867
36.3708	29001
36.3892	29135
36.4075	29269
36.4259	29403
36.4443	29537
36.4626	29671
36.481	29805
36.4994	29939
36.5649	30073
36.5833	30207
36.6017	30341
36.62	30475
36.6384	30609
36.6568	30743
36.6751	30877
36.7218	31011
36.7685	31145
36.7869	31279
36.8052	31413
36.8236	31547
36.8609	31681
36.8981	31815
36.9354	31949
36.9537	32083
36.9721	32217
37.0188	32351
37.056	32485
37.1027	32619
37.1211	32753
37.1583	32887
37.205	33021
37.2706	33155
37.3078	33289
37.3262	33423
37.3635	33557
37.4196	33691
37.4568	33825
37.5318	33959
37.5974	34093
37.6158	34227
37.653	34361
37.6997	34495
37.7464	34629
37.7836	34763
37.8209	34897
37.8959	35031
37.9426	35165
37.9798	35299
37.9982	35433
38.0449	35567
38.0821	35701
38.1194	35835
38.1472	35969
38.175	36103
38.2217	36237
38.2873	36371
38.3056	36505
38.324	36639
38.3707	36773
38.3891	36907
38.4263	37041
38.4636	37175
38.5008	37309
38.5569	37443
38.5847	37577
38.6031	37711
38.6404	37845
38.6965	37979
38.7337	38113
38.7521	38247
38.7893	38381
38.8077	38515
38.845	38649
38.8916	38783
38.9289	38917
38.9661	39051
39.0223	39185
39.0406	39319
39.059	39453
39.0963	39587
39.1429	39721
39.2085	39855
39.2269	39989
39.2641	40123
39.2825	40257
39.3197	40391
39.357	40525
39.4037	40659
39.4409	40793
39.4971	40927
39.5154	41061
39.5338	41195
39.5616	41329
39.5988	41463
39.6455	41597
39.6922	41731
39.7389	41865
39.7762	41999
39.7945	42133
39.8318	42267
39.8785	42401
39.9252	42535
39.9624	42669
39.9808	42803
40.0369	42937
40.0553	43071
40.0736	43205
40.1203	43339
40.1576	43473
40.1948	43607
40.2321	43741
40.2788	43875
40.316	44009
40.3532	44143
40.3999	44277
40.4466	44411
40.465	44545
40.5022	44679
40.5489	44813
40.5862	44947
40.6234	45081
40.6418	45215
40.6696	45349
40.7163	45483
40.7535	45617
40.7813	45751
40.8469	45885
40.8842	46019
40.9214	46153
40.9587	46287
41.0053	46421
41.0426	46555
41.061	46689
41.0982	46823
41.1355	46957
41.201	47091
41.2383	47225
41.2566	47359
41.2939	47493
41.3123	47627
41.3495	47761
41.3868	47895
41.4334	48029
41.4612	48163
41.4985	48297
41.5357	48431
41.5824	48565
41.6197	48699
41.6569	48833
41.7036	48967
41.7503	49101
41.7876	49235
41.8248	49369
41.8432	49503
41.9087	49637
41.9743	49771
41.9927	49905
42.011	50039
42.0483	50173
42.0667	50307
42.1039	50441
42.1412	50575
42.1784	50709
42.2156	50843
42.2529	50977
42.2901	51111
42.3368	51245
42.3741	51379
42.4113	51513
42.458	51647
42.4764	51781
42.5231	51915
42.5603	52049
42.5976	52183
42.6443	52317
42.6721	52451
42.7471	52585
42.7654	52719
42.8404	52853
42.8588	52987
42.8772	53121
42.9144	53255
42.9422	53389
42.97	53523
43.0073	53657
43.054	53791
43.0912	53925
43.1096	54059
43.1563	54193
43.1935	54327
43.2308	54461
43.268	54595
43.3242	54729
43.3614	54863
43.3798	54997
43.417	55131
43.4543	55265
43.5104	55399
43.576	55533
43.5943	55667
43.6221	55801
43.6688	55935
43.7155	56069
43.7433	56203
43.79	56337
43.8273	56471
43.8456	56605
43.9018	56739
43.9201	56873
43.9479	57007
43.9757	57141
44.0308	57275
44.078	25792
44.087	26060
44.1153	26328
44.1242	26596
44.162	26864
44.1709	27132
44.1992	27400
44.2082	27668
44.2365	27936
44.2454	28204
44.2548	28472
44.2638	28740
44.3204	29008
44.3293	29276
44.3577	29544
44.3666	29812
44.376	30080
44.385	30348
44.4133	30616
44.4222	30884
44.46	31152
44.5156	31420
44.5255	31688
44.5633	31956
44.5722	32224
44.5817	32492
44.5906	32760
44.6378	33028
44.6467	33296
44.675	33564
44.684	33832
44.7217	34100
44.7307	34368
44.7873	34636
44.7962	34904
44.8245	35172
44.8335	35440
44.8429	35708
44.8518	35976
44.8802	36244
44.8891	36512
44.8985	36780
44.9075	37048
44.9169	37316
44.9348	37584
44.9447	37852
44.9536	38120
44.9725	38388
44.9814	38656
44.9909	38924
44.9998	39192
45.0092	25792
45.0092	25926
45.3019	20524
45.3113	20792
45.3208	21060
45.3302	21328
45.3491	21596
45.3585	21864
45.368	22132
45.3868	22400
45.4152	22668
45.434	22936
45.604	20524
45.604	20658
46.6622	2582
46.7556	3118
46.8028	3654
46.8217	4190
46.9256	16793
46.9444	16927
46.9728	17061
47.0011	17195
47.0577	14297
47.0766	14431
47.0955	14565
47.1899	14699
47.2465	11577
47.2654	11845
47.2843	12113
47.3032	12381
47.322	12649
47.3409	12917
47.3598	13185
47.3787	13453
47.3976	13721
47.4164	13989
47.4353	14257
47.4542	14525
47.4731	14793
47.492	15061
47.5108	15329
47.5297	15597
47.5486	15865
47.5675	16133
47.5864	16401
47.6052	16669
47.6241	16937
47.6619	17205
47.6808	17473
47.6996	17741
47.7185	18009
47.7374	18277
47.7563	18545
47.7752	18813
47.8129	11577
47.8129	11711
47.8507	11845
47.8884	11979
47.9073	12113
47.9451	12247
47.964	12381
48.0017	12515
48.03	12649
48.0678	12783
48.0867	12917
48.1244	13051
48.1433	13185
48.1811	13319
48.2	13453
48.2472	13587
48.3038	13721
48.4265	13855
48.4832	13989
48.6153	14123
48.6342	14257
48.672	14391
48.6908	14525
48.7286	14659
48.7475	14793
48.7852	14927
48.8041	15061
48.8702	15195
48.9268	15329
49.0684	15463
49.1345	15597
49.1628	15731
49.295	15865
49.3139	15999
49.3516	16133
49.3705	16267
49.4177	16401
49.4366	16535
49.4744	16669
49.4932	16803
49.5121	16937
49.5971	17071
49.6537	17205
49.8236	17339
49.9086	17473
49.9275	17607
50.0691	17741
50.088	17875
50.1257	18009
50.1446	18143
50.1729	18277
50.2296	18411
50.2484	18545
50.2862	18679
50.3051	18813
50.324	18947
50.4089	19081
50.4656	19215
50.4939	19349
50.7016	19483
50.7865	19617
50.8054	19751
50.9848	19885
51.0131	20019
51.0508	20153
51.0697	20287
51.0886	20421
51.1169	20555
51.1736	20689
51.1924	20823
51.2302	20957
51.2491	21091
51.268	21225
51.3624	21359
51.4284	21493
51.4473	21627
51.4756	21761
51.7211	21895
51.7966	17152
51.9665	17420
51.976	17688
51.9854	17956
51.9948	18224
52.0043	18492
52.0326	18760
52.0515	19028
52.0609	19296
52.0704	19564
52.0798	19832
52.0892	20100
52.0987	20368
52.1081	20636
52.1459	20904
52.1553	21172
52.1648	21440
52.1742	21708
52.2025	21976
52.212	22244
52.2214	22512
52.2308	22780
52.2403	23048
52.2497	23316
52.2592	23584
52.3536	23852
52.4196	24120
52.4291	24388
52.4385	24656
52.448	24924
52.4574	25192
52.4668	25460
52.7595	25728
52.7689	25996
52.7784	17152
52.7784	17286
52.8067	16294
52.8161	16562
52.8916	16830
52.9011	17098
52.9105	17366
53.0049	17634
53.0144	16294
53.0144	16428
53.0762	12864
53.095	13132
53.1139	13400
53.1328	13668
53.1517	13936
53.1706	14204
53.1894	14472
53.2083	14740
53.2272	15008
53.6426	12864
53.6426	12998
54.8162	1624
55.2379	2160
55.7288	2696
55.7666	3232
56.2952	3768
56.333	4304
56.3518	4840
56.9466	5376
56.9938	5912
57.0126	6448
57.041	6984
57.2598	7520
57.7206	8056
57.7678	8592
57.7867	9128
57.8056	9664
57.8245	10200
57.8622	10736
58.0982	11272
58.608	11406
58.6646	11540
58.6835	11674
58.7024	11808
58.7213	11942
58.7402	12076
58.7685	12210
58.8062	12344
58.8251	12478
59.0706	12612
59.28	12746
59.5992	12880
59.6558	13014
59.6747	13148
59.6936	13282
59.7125	13416
59.7314	13550
59.7597	13684
59.8163	10720
59.8258	10988
60.0712	11256
60.0806	11524
60.2883	11792
60.3827	12060
60.3922	12328
60.4016	12596
60.411	12864
60.4205	13132
60.4299	13400
60.4394	13668
60.4488	13936
60.4582	14204
60.4677	14472
60.4771	14740
60.4866	15008
60.496	15276
60.5054	15544
60.5149	15812
60.5243	10720
60.5243	10854
60.7414	11577
60.7509	11845
60.8075	11577
60.8075	11711
60.9869	11845
61.0246	11979
61.0624	12113
61.1002	12247
61.1379	12381
61.1757	12515
61.2134	12649
61.2512	12783
61.289	12917
61.3267	13051
61.3834	13185
61.4211	13319
61.4589	13453
61.4778	13587
61.4966	13721
61.5155	13855
61.5438	13989
61.5816	14123
61.6382	14257
61.6949	14391
61.7138	14525
61.7326	14659
62.1952	14793
62.2141	14927
62.233	15061
62.2518	15195
62.2707	15329
62.2896	15463
62.3085	15597
62.3274	15731
62.3462	15865
62.3651	15999
62.384	16133
62.4029	16267
62.4218	16401
62.6406	16535
62.9504	16669
62.9693	16803
62.9882	16937
63.007	17071
63.0259	17205
63.0448	17339
63.0637	17473
63.1014	17607
63.1298	17741
63.1675	17875
63.1864	18009
63.2147	18143
63.243	18277
63.2619	18411
63.4714	18545
63.679	18679
63.8094	18813
63.8283	18947
63.8661	19081
63.885	19215
63.9038	19349
63.9322	19483
63.9605	19617
63.9794	19751
63.9982	19885
64.0171	20019
64.0738	20153
64.0926	20287
64.1115	20421
64.1398	20555
64.1682	20689
64.1965	20823
64.5853	20957
64.7723	21091
64.8006	21225
64.829	21359
64.8478	21493
64.8667	21627
64.8856	21761
64.9045	21895
64.9422	22029
64.9611	22163
64.9894	22297
65.0083	22431
65.0461	22565
65.065	22699
65.0838	22833
65.1216	22967
65.1499	23101
65.1688	23235
65.1877	23369
65.3971	23503
65.688	23637
65.8485	23771
65.8674	23905
65.8862	24039
65.9051	24173
65.924	24307
65.9429	24441
65.9618	24575
65.9806	24709
65.9995	24843
66.0184	24977
66.0467	25111
66.0656	25245
66.0845	25379
66.1034	25513
66.1222	25647
66.1411	25781
66.16	25915
66.1789	26049
66.1978	26183
66.2261	26317
66.6526	26451
66.7264	26585
66.8963	26719
66.9152	26853
66.9341	26987
66.953	27121
66.9718	27255
66.9907	27389
67.0096	27523
67.0285	27657
67.0474	27791
67.0662	27925
67.0851	28059
67.1229	28193
67.1418	28327
67.1606	28461
67.1795	28595
67.1984	28729
67.2173	28863
67.2362	28997
67.255	29131
67.2739	29265
67.2928	29399
67.3117	29533
67.3306	29667
67.8781	29801
68.0669	29935
68.0858	30069
68.1046	30203
68.1235	30337
68.1424	30471
68.1613	30605
68.1802	30739
68.199	30873
68.2179	31007
68.2368	31141
68.2557	31275
68.2746	31409
68.2934	31543
68.3501	31677
68.369	31811
68.3878	31945
68.4067	32079
68.4256	32213
68.4445	32347
68.4634	32481
68.4822	32615
68.5011	32749
68.52	32883
68.5389	33017
68.5578	33151
68.5766	33285
68.7861	33419
69.1997	33553
69.4074	33687
69.4262	33821
69.4451	33955
69.464	34089
69.4829	34223
69.5018	34357
69.5206	34491
69.5395	34625
69.5584	34759
69.5773	34893
69.5962	35027
69.615	35161
69.6339	35295
69.6528	35429
69.7094	35563
69.7283	35697
69.7472	35831
69.7661	35965
69.785	36099
69.8038	36233
69.8227	36367
69.8416	36501
69.8605	36635
69.8794	36769
69.8982	36903
69.9171	37037
69.936	37171
69.9549	37305
69.9738	37439
70.0304	37573
70.1437	37707
70.257	37841
70.2758	37975
70.2947	38109
70.3136	38243
70.3325	38377
70.3514	38511
70.3702	38645
70.3891	38779
70.408	38913
70.4269	39047
70.4458	39181
70.4646	39315
70.4835	39449
70.5024	39583
70.5213	39717
70.5402	39851
70.5779	39985
70.5968	40119
70.6157	40253
70.6346	40387
70.6534	40521
70.6723	40655
70.6912	40789
70.7101	40923
70.729	41057
70.7478	41191
70.7667	41325
70.7856	41459
70.8045	41593
70.8234	41727
70.8422	41861
70.8706	41995
71.0216	42129
71.0405	42263
71.201	42397
71.3709	42531
71.3898	42665
71.4086	42799
71.4275	42933
71.4464	43067
71.4653	43201
71.4842	43335
71.503	43469
71.5219	43603
71.5408	43737
71.5597	43871
71.5786	44005
71.5974	44139
71.6163	44273
71.6352	44407
71.6541	44541
71.673	44675
71.6918	44809
71.739	44943
71.7579	45077
71.7768	45211
71.7957	45345
71.8146	45479
71.8334	45613
71.8523	45747
71.8712	45881
71.8901	46015
71.909	46149
71.9278	46283
71.9467	46417
71.9656	46551
71.9845	46685
72.0034	46819
72.0222	46953
72.0411	47087
72.06	47221
72.0978	47355
72.1166	47489
72.1733	47623
72.3243	47757
72.3432	47891
72.3621	48025
72.3998	48159
72.4187	48293
72.4376	48427
72.4565	48561
72.4754	48695
72.4942	48829
72.5131	48963
72.532	49097
72.5509	49231
72.5698	49365
72.5886	49499
72.6075	49633
72.6264	49767
72.6453	49901
72.6642	50035
72.683	50169
72.7019	50303
72.7491	50437
72.768	50571
72.7869	50705
72.8058	50839
72.8246	50973
72.8435	51107
72.8624	51241
72.8813	51375
72.9002	51509
72.919	51643
72.9379	51777
72.9568	51911
72.9851	52045
73.004	52179
73.0229	52313
73.0418	52447
73.0606	52581
73.0795	52715
73.0984	52849
73.1173	52983
73.1362	53117
73.155	53251
73.1739	53385
73.2306	53519
73.4288	53653
73.4477	53787
73.4666	53921
73.4854	54055
73.5043	54189
73.5232	54323
73.5421	54457
73.561	54591
73.5798	54725
73.5987	54859
73.6176	54993
73.6459	55127
73.6648	55261
73.6837	55395
73.7026	55529
73.7214	55663
73.7403	55797
73.7592	55931
73.7781	56065
73.797	56199
73.8158	56333
73.8347	56467
73.8819	56601
73.9008	56735
73.9197	56869
73.9386	57003
73.9574	57137
73.9763	57271
73.9952	57405
74.0141	57539
74.033	57673
74.0518	57807
74.0707	57941
74.0896	58075
74.1085	58209
74.1368	58343
74.1557	58477
74.1746	58611
74.2029	58745
74.2406	58879
74.2595	59013
74.2784	59147
74.2973	59281
74.3162	59415
74.335	59549
74.3539	59683
74.3728	59817
74.4011	59951
74.4861	60085
74.6749	60089
74.6938	60093
74.7126	60097
74.7315	60101
74.7504	60105
74.7693	60109
74.7882	60113
74.807	60117
74.8259	60121
74.8448	60125
74.8637	60129
74.8826	60133
74.9014	60137
74.9203	60141
74.9392	60145
74.9581	60149
74.977	60153
74.9958	60157
75.0147	60161
75.0336	60165
75.0525	60169
75.0714	60173
75.0902	60177
75.1091	60181
75.128	60185
75.1941	60189
75.2224	60193
75.2413	60197
75.2602	60201
75.279	60205
75.2979	60209
75.3168	60213
75.3357	60217
75.3546	60221
75.3734	60225
75.3923	60229
75.4206	60233
75.4395	60237
75.4678	60241
75.4867	60245
75.5056	60249
75.5245	60253
75.5434	60257
75.5622	60261
75.5811	60265
75.6	60269
75.6189	60273
75.6378	60277
75.6566	60281
75.6755	60285
75.7133	60289
75.7322	60293
75.751	60297
75.7699	60301
75.8454	60305
75.8643	60309
76.0814	60313
76.1003	60317
76.1192	60321
76.1381	60325
76.157	60329
76.1758	60333
76.1947	60337
76.2136	60341
76.2325	60345
76.2514	60349
76.2702	60353
76.2891	60357
76.308	60361
76.3269	60365
76.3458	60369
76.3646	60373
76.3835	60377
76.4024	60381
76.4213	60385
76.4402	60389
76.459	60393
76.4779	60397
76.4968	60401
76.5157	60405
76.5346	60409
76.5723	60413
76.5912	60417
76.6101	60421
76.629	60425
76.6478	60429
76.6667	60433
76.6856	60437
76.7045	60441
76.7234	60445
76.7422	60449
76.7706	60453
76.7894	60457
76.8083	60461
76.8272	60465
76.8461	60469
76.865	60473
76.8838	60477
76.9027	60481
76.9216	60485
76.9405	60489
76.9594	60493
76.9782	60497
76.9971	60501
77.0254	60505
77.0443	60509
77.0915	60513
77.1104	60517
77.1293	60521
77.1433	60525
77.2283	36179
77.2367	36447
77.4632	36715
77.4727	36983
77.4821	37251
77.4916	37519
77.501	37787
77.5104	38055
77.5199	38323
77.5293	38591
77.5388	38859
77.5482	39127
77.5576	39395
77.5671	39663
77.5765	39931
77.586	40199
77.5954	40467
77.6048	40735
77.6143	41003
77.6237	41271
77.6332	41539
77.6426	41807
77.6615	42075
77.6709	42343
77.6804	42611
77.6898	42879
77.6992	43147
77.7087	43415
77.7181	43683
77.7204	43951
77.7298	44219
77.7388	44487
77.7482	44755
77.7576	45023
77.7666	45291
77.776	45559
77.7849	45827
77.7944	46095
77.8033	46363
77.8127	46631
77.8217	46899
77.8311	47167
77.84	47435
77.8684	47703
77.8773	47971
77.8867	48239
77.8956	48507
77.9051	48775
77.914	49043
77.9235	49311
77.9324	49579
77.9418	49847
77.9508	50115
77.9602	50383
77.9691	50651
77.9786	50919
77.9875	51187
77.9969	51455
78.0059	51723
78.0153	51991
78.0242	52259
78.0337	52527
78.0426	52795
78.052	53063
78.061	53331
78.0704	53599
78.0793	53867
78.1076	54135
78.1166	54403
78.126	54671
78.1349	54939
78.1444	55207
78.1533	55475
78.1816	55743
78.1906	56011
78.2189	56279
78.2278	56547
78.2372	56815
78.2462	57083
78.2745	57351
78.2834	57619
78.3401	57887
78.349	58155
78.3584	36179
78.3584	36313
78.6416	31494
78.6511	31762
78.6794	32030
78.6888	32298
78.6983	32566
78.7077	32834
78.7172	33102
78.7266	33370
78.736	33638
78.7455	33906
78.7549	34174
78.7644	34442
78.7738	34710
78.7832	34978
78.8116	35246
78.821	35514
78.8304	35782
78.8682	36050
78.8965	36318
78.906	36586
78.9343	36854
78.9909	37122
79.293	31494
79.293	31628
79.8028	31762
79.8216	31896
79.8405	32030
79.8594	32164
79.8783	32298
79.8972	32432
79.916	32566
79.9349	32700
79.9538	32834
79.9727	32968
79.9916	33102
80.0104	33236
80.0293	33370
80.0482	33504
80.0671	33638
80.086	33772
80.1048	33906
80.1237	34040
80.1426	34174
80.1615	34308
80.1804	34442
80.1992	34576
80.2181	34710
80.237	34844
80.2559	34978
80.2748	35112
80.2936	35246
80.3125	35380
80.3314	35514
80.5408	35648
80.9167	35782
80.9356	35916
80.9544	36050
80.9733	36184
80.9922	36318
81.0111	36452
81.03	36586
81.0488	36720
81.0677	36854
81.0866	36988
81.1055	37122
81.1432	37256
81.1621	37390
81.181	37524
81.1999	37658
81.2188	37792
81.2376	37926
81.2565	38060
81.2754	38194
81.2943	38328
81.3132	38462
81.332	38596
81.3509	38730
81.3698	38864
81.3887	38998
81.4076	39132
81.4264	39266
81.4453	39400
81.4642	39534
81.4831	39668
81.502	39802
81.5397	39936
81.7492	40070
81.9663	40204
82.2194	40338
82.2383	40472
82.2572	40606
82.276	40740
82.2949	40874
82.3138	41008
82.3327	41142
82.3516	41276
82.3704	41410
82.3893	41544
82.4082	41678
82.4271	41812
82.4648	41946
82.4837	42080
82.5026	42214
82.5215	42348
82.5404	42482
82.5592	42616
82.5876	42750
82.6253	42884
82.6442	43018
82.6631	43152
82.682	43286
82.7008	43420
82.7197	43554
82.7386	43688
82.7575	43822
82.7764	43956
82.7952	44090
82.8141	44224
82.8519	44358
82.8708	44492
82.8896	44626
82.9085	44760
82.9274	44894
82.9463	45028
83.3823	45162
83.4749	45296
83.7487	45430
83.7676	45564
83.7864	45698
83.8053	45832
83.8242	45966
83.8525	46100
83.8903	46234
83.9092	46368
83.928	46502
83.9469	46636
83.9658	46770
83.9941	46904
84.013	47038
84.0602	47172
84.0791	47306
84.1074	47440
84.1357	47574
84.164	47708
84.1829	47842
84.2207	47976
84.2396	48110
84.2584	48244
84.2773	48378
84.2962	48512
84.3151	48646
84.334	48780
84.3528	48914
84.3717	49048
84.3906	49182
84.4095	49316
84.4378	49450
84.4661	49584
84.485	49718
84.5039	49852
84.5228	49986
84.5416	50120
84.5605	50254
84.5794	50388
84.5983	50522
84.636	50656
84.8455	50790
85.1836	50924
85.393	51058
85.5423	51192
85.5612	51326
85.58	51460
85.5989	51594
85.6178	51728
85.6367	51862
85.6556	51996
85.6744	52130
85.6933	52264
85.7122	52398
85.7311	52532
85.75	52666
85.7783	52800
85.816	52934
85.8727	53068
85.9104	53202
85.9293	53336
85.9671	53470
85.986	53604
86.0048	53738
86.0237	53872
86.0426	54006
86.0615	54140
86.0804	54274
86.0992	54408
86.1181	54542
86.137	54676
86.1559	54810
86.1748	54944
86.1936	55078
86.222	55212
86.2503	55346
86.2692	55480
86.288	55614
86.3069	55748
86.3258	55882
86.3447	56016
86.3636	56150
86.3824	56284
86.4013	56418
86.4202	56552
86.458	56686
86.4863	56820
86.5052	56954
86.524	57088
86.6468	57222
86.6656	57356
86.8356	57490
86.8544	57624
86.8733	57758
86.8922	57892
86.9111	58026
86.93	58160
86.9488	58294
86.9677	58428
86.9866	58562
87.0055	58696
87.0244	58830
87.0432	58964
87.0621	59098
87.081	59232
87.0999	59366
87.1188	59500
87.1565	59634
87.1754	59768
87.1943	59902
87.2132	60036
87.232	60040
87.2509	60044
87.2698	60048
87.2887	60052
87.3076	60056
87.3264	60060
87.3453	60064
87.3642	60068
87.3831	60072
87.402	60076
87.4208	60080
87.4397	60084
87.4586	60088
87.4775	60092
87.4964	60096
87.5152	60100
87.5341	60104
87.553	60108
87.5719	60112
87.5908	60116
87.6096	60120
87.6285	60124
87.6474	60128
87.6663	60132
87.6852	60136
87.704	60140
87.7229	60144
87.7418	60148
87.7607	60152
87.7796	60156
87.7984	60160
87.8645	60164
87.8834	60168
87.9117	60172
87.9306	60176
87.9495	60180
87.9684	60184
87.9872	60188
88.0061	60192
88.025	60196
88.0439	60200
88.0628	60204
88.0816	60208
88.1005	60212
88.1194	60216
88.1383	60220
88.1572	60224
88.176	60228
88.1949	60232
88.2138	60236
88.2327	60240
88.2516	60244
88.2704	60248
88.2893	60252
88.3082	60256
88.3271	60260
88.346	60264
88.3648	60268
88.3837	60272
88.4026	60276
88.4215	60280
88.4404	60284
88.4592	60288
88.4781	60292
88.497	60296
88.5159	60300
88.5348	60304
88.5536	60308
88.5725	60312
88.5914	60316
88.6103	60320
88.6292	60324
88.648	60328
88.6669	60332
88.6858	60336
88.7047	60340
88.7236	60344
88.7424	60348
88.7613	60352
88.7802	60356
88.7991	60360
88.818	60364
88.8368	60368
88.8557	60372
88.8746	60376
88.8935	60380
88.9124	60384
88.9312	60388
88.9501	60392
89.7242	60396
89.7431	60400
89.76	60404
89.7784	60408
89.7968	60412
89.8151	60416
89.8335	60420
89.8519	60424
89.8702	60428
89.898	43667
89.907	43935
89.9164	44203
89.9253	44471
89.9348	44739
89.9437	45007
89.9532	45275
89.9621	45543
89.9715	45811
89.9804	46079
89.9899	46347
89.9988	46615
90.0083	46883
90.0172	47151
90.0266	47419
90.0356	47687
90.045	47955
90.0539	48223
90.0634	48491
90.0723	48759
90.0817	49027
90.0907	49295
90.1001	49563
90.109	49831
90.1185	50099
90.1274	50367
90.1368	50635
90.1458	50903
90.1552	51171
90.1641	51439
90.1736	51707
90.1825	51975
90.1919	52243
90.2014	52511
90.2103	52779
90.2197	53047
90.2287	53315
90.2381	53583
90.247	53851
90.2565	54119
90.2654	54387
90.2748	54655
90.2838	54923
90.2932	55191
90.3021	55459
90.3305	55727
90.3394	55995
90.396	56263
90.405	56531
90.4522	56799
90.4611	57067
90.4894	57335
90.4983	57603
90.555	57871
90.5639	58139
90.6111	58407
90.62	58675
90.6767	58943
90.6856	59211
90.7139	59479
90.7228	59747
90.7795	60015
90.7884	60283
90.8356	60551
90.8445	60819
90.9012	61087
90.9101	61355
90.9573	61623
90.9662	61891
90.9946	62159
91.0035	62427
91.0601	62695
91.0691	62963
91.1163	63231
91.1252	63499
91.1818	63767
91.1908	64035
91.2191	64303
91.228	64571
91.2846	64839
91.2936	65107
91.3408	65375
91.3497	65643
91.4063	65911
91.4153	66179
91.4436	66447
91.4525	66715
91.4997	66983
91.5086	67251
91.5653	67519
91.5742	67787
91.5836	68055
91.5926	68323
91.602	68591
91.6109	68859
91.6204	69127
91.6293	69395
91.6388	69663
91.6477	69931
91.6571	70199
91.666	70467
91.6755	43667
91.6755	43801
91.7699	41126
91.8171	41394
91.8454	41662
91.9209	41930
91.9776	42198
92.0248	42466
92.0531	42734
92.1286	43002
92.1852	43270
92.2324	43538
92.2891	43806
92.3174	44074
92.3929	44342
92.4401	44610
92.4968	44878
92.5251	45146
92.6006	45414
92.6478	45682
92.7044	45950
92.7328	46218
92.78	46486
92.8649	46754
92.8744	47022
92.8838	47290
92.8932	47558
92.9027	47826
92.9121	48094
92.9876	41126
92.9876	41260
94.0732	41394
94.0921	41528
94.111	41662
94.1299	41796
94.1488	41930
94.1676	42064
94.1865	42198
94.2054	42332
94.2243	42466
94.2432	42600
94.262	42734
94.2809	42868
94.2998	43002
94.3187	43136
94.3376	43270
94.3564	43404
94.3753	43538
94.3942	43672
94.4131	43806
94.432	43940
94.4508	44074
94.4697	44208
94.4886	44342
94.5075	44476
94.5264	44610
94.5452	44744
94.5641	44878
94.583	45012
94.6019	45146
94.6208	45280
94.6396	45414
94.6585	45548
94.6774	45682
94.6963	45816
94.7152	45950
94.734	46084
94.7529	46218
94.7718	46352
95.8446	46486
95.8635	46620
95.8824	46754
95.9013	46888
95.9202	47022
95.939	47156
95.9579	47290
95.9768	47424
95.9957	47558
96.0146	47692
96.0334	47826
96.0523	47960
96.0712	48094
96.0901	48228
96.109	48362
96.1278	48496
96.1467	48630
96.1656	48764
96.1845	48898
96.2034	49032
96.2222	49166
96.2411	49300
96.26	49434
96.2789	49568
96.2978	49702
96.3166	49836
96.3355	49970
96.3544	50104
96.3733	50238
96.3922	50372
96.411	50506
96.4299	50640
96.4488	50774
96.4677	50908
96.4866	51042
96.5054	51176
96.5243	51310
96.5432	51444
96.5621	51578
96.581	51712
96.5998	51846
96.6187	51980
96.6376	52114
97.6441	52248
97.663	52382
97.7002	52516
97.7191	52650
97.7564	52784
97.7936	52918
97.8125	53052
97.8314	53186
97.8686	53320
97.8875	53454
97.9064	53588
97.9252	53722
97.9441	53856
97.963	53990
97.9819	54124
98.0008	54258
98.0196	54392
98.0385	54526
98.0574	54660
98.0763	54794
98.0952	54928
98.1235	43737
98.1329	44005
98.1424	44273
98.1518	44541
98.1612	44809
98.1707	45077
98.1801	45345
98.1896	45613
98.199	45881
98.2084	46149
98.2179	46417
98.2273	46685
98.2368	46953
98.2462	47221
98.2556	47489
98.2651	47757
98.2745	48025
98.284	48293
98.2934	48561
98.3028	48829
98.3123	49097
98.3217	49365
98.3312	49633
98.3406	49901
98.35	50169
98.3595	50437
98.3689	50705
98.3784	50973
98.3878	51241
98.3972	51509
98.4067	51777
98.4161	52045
98.4256	52313
98.435	52581
98.4444	52849
98.4539	53117
98.4633	53385
98.4728	53653
98.4822	53921
98.4916	54189
98.5011	54457
98.5105	54725
98.52	54993
98.5294	55261
98.5388	55529
98.5483	55797
98.5577	56065
98.9164	56333
98.9259	56601
98.9353	56869
98.9448	57137
98.9636	57405
98.9731	57673
98.9825	57941
98.992	58209
99.0014	58477
99.0203	58745
99.0297	59013
99.0486	59281
99.058	59549
99.0675	59817
99.0769	60085
99.0864	60353
99.0958	60621
99.1052	60889
99.1241	61157
99.1336	61425
99.143	61693
99.1524	61961
99.1619	62229
99.1713	62497
99.1808	62765
99.1902	63033
99.1996	63301
99.2091	63569
99.2185	63837
99.228	64105
99.2374	64373
99.2468	64641
99.2563	64909
99.2657	65177
99.2752	65445
99.2846	65713
99.294	65981
99.3035	66249
99.3129	66517
99.3224	66785
99.3318	67053
99.3412	67321
99.3507	67589
99.3601	67857
99.3696	68125
99.379	68393
99.3884	68661
99.3979	43737
99.3979	43871
99.7094	51027
99.7188	51295
99.7283	51563
99.7377	51831
99.7472	52099
99.7566	52367
99.766	52635
99.7755	52903
99.7849	53171
99.7944	53439
99.8038	53707
99.8132	53975
99.8227	54243
99.8321	54511
99.8416	54779
99.851	55047
99.8604	55315
99.8699	55583
99.8793	55851
99.8888	56119
99.8982	56387
99.9076	56655
99.9171	56923
99.9265	57191
