1	536
1.06134	1072
1.1137	1608
1.16605	2144
1.20896	2680
1.22784	3216
1.26131	3752
1.28019	4288
1.29549	4824
1.31386	5360
1.34243	5896
1.37571	6432
1.40899	6968
1.44227	7504
1.47555	8040
1.50883	8576
1.54211	9112
1.57539	9648
1.60867	10184
1.64195	10720
1.67523	11256
1.70851	11792
1.74179	12328
1.77507	12864
1.80835	13400
1.84163	13936
1.87491	14472
1.90819	15008
1.94147	15544
1.97475	16080
2.00803	16616
2.04131	17152
2.07459	17688
2.10787	18224
2.14115	18760
2.17443	19296
2.20771	19832
2.24099	20368
2.27427	20904
2.30755	21440
2.34083	21976
2.37411	22512
2.40739	23048
2.44067	23584
2.47395	24120
2.50723	24656
2.54051	25192
2.57379	25728
2.60707	26264
2.64035	26800
2.67363	27336
2.70691	27872
2.74019	28408
2.77347	28944
2.80675	29480
2.84003	30016
2.87331	30552
2.90659	31088
2.93987	31624
2.97315	32160
3.00643	32696
3.03971	33232
3.07299	33768
3.10627	34304
3.13955	34840
3.17283	35376
3.20611	35912
3.23939	36448
3.27267	36984
3.30595	37520
3.33923	38056
3.37251	38592
3.40579	39128
3.43907	39664
3.47235	40200
3.50563	40736
3.53891	41272
3.57219	41808
3.60547	42344
3.63875	42880
3.67203	43416
3.70531	43952
3.73859	44488
3.77187	45024
3.80515	45560
3.83843	46096
3.87171	46632
3.90499	47168
3.93827	47704
3.97155	48240
4.00483	48776
4.03811	49312
4.07139	49848
4.10467	50384
4.13795	50920
4.17123	51456
4.20451	51992
4.23779	52528
4.27107	53064
4.30435	53600
4.33763	54136
4.37091	54672
4.40419	55208
4.43747	55744
4.47075	56280
4.50403	56816
4.53731	57352
4.57059	57888
4.60387	58424
4.63715	58960
4.67043	59496
4.70371	60032
4.73699	60568
4.77027	61104
4.80355	61640
4.83683	62176
4.87011	62712
4.90339	63248
4.93667	63784
4.96995	64320
5.00323	64856
5.03651	65392
5.06979	65928
5.10307	65932
5.13635	65936
5.16963	65940
5.20291	65944
5.23619	65948
5.26947	65952
5.30275	65956
5.33603	65960
5.36931	65964
5.40259	65968
5.43587	65972
5.46915	65976
5.50243	65980
5.53571	65984
5.56899	65988
5.60227	65992
5.63555	65996
5.66883	66000
5.70211	66004
5.73539	66008
5.76867	66012
5.80195	66016
5.83523	66020
5.86851	66024
5.90179	66028
5.93507	66032
5.96835	66036
6.00163	66040
6.03491	66044
6.06819	66048
6.10147	66052
6.13475	66056
6.16803	66060
6.20131	66064
6.23459	66068
6.26787	66072
6.30115	66076
6.33443	66080
6.36771	66084
6.40099	66088
6.43427	66092
6.46755	66096
6.50083	66100
6.53411	66104
6.56739	66108
6.60067	66112
6.63395	66116
6.66723	66120
6.70051	66124
6.73379	66128
6.76707	66132
6.80035	66136
6.83363	66140
6.86691	66144
6.90019	66148
6.93347	66152
6.96675	66156
7.00003	66160
7.03331	66164
7.06659	66168
7.09987	66172
7.13315	66176
7.16643	66180
7.19971	66184
7.23299	66188
7.26627	66192
7.29955	66196
7.33283	66200
7.36611	66204
7.39939	66208
7.43267	66212
7.46595	66216
7.49923	66220
7.53251	66224
7.56579	66228
7.59907	66232
7.63235	66236
7.66563	66240
7.69891	66244
7.73219	66248
7.76547	66252
7.79875	66256
7.83203	66260
7.86531	66264
7.89859	66268
7.93187	66272
7.96515	66276
7.99843	66280
8.03171	66284
8.06499	66288
8.09827	66292
8.13155	66296
8.16483	66300
8.19811	66304
8.23139	66308
8.26467	66312
8.29795	66316
8.33123	66320
8.36451	66324
8.39779	66328
8.43107	66332
8.46435	66336
8.49763	66340
8.53091	66344
8.56419	66348
8.59747	66352
8.63075	66356
8.66403	66360
8.69731	66364
8.73059	66368
8.76387	66372
8.79715	66376
8.83043	66380
8.86371	66384
8.89699	66388
8.93027	66392
8.96355	66396
8.99683	66400
9.03011	66404
9.06339	66408
9.09667	66412
9.12995	66416
9.16323	66420
9.19651	66424
9.22979	66428
9.26307	66432
9.29635	66436
9.32963	66440
9.36291	66444
9.39619	66448
9.42947	66452
9.46275	66456
9.49603	66460
9.52931	66464
9.56259	66468
9.59587	66472
9.62915	66476
9.66243	66480
9.69571	66484
9.72899	66488
9.76227	66492
9.79555	66496
9.82883	66500
9.86211	66504
9.89539	66508
9.92867	66512
9.96195	66516
9.99523	66520
10.0285	66524
10.0618	66528
10.0951	66532
10.1284	66536
10.1616	66540
10.1949	66544
10.2282	66548
10.2615	66552
10.2948	66556
10.328	66560
10.3613	66564
10.3946	66568
10.4279	66572
10.4612	66576
10.4944	66580
10.5277	66584
10.561	66588
10.5943	66592
10.6276	66596
10.6608	66600
10.6941	66604
10.7274	66608
10.7607	66612
10.794	66616
10.8272	66620
10.8605	66624
10.8938	66628
10.9271	66632
10.9604	66636
10.9936	66640
11.0269	66644
11.0602	66648
11.0935	66652
11.1268	66656
11.16	66660
11.1933	66664
11.2266	66668
11.2599	66672
11.2932	66676
11.3264	66680
11.3597	66684
11.393	66688
11.4263	66692
11.4596	66696
11.4928	66700
11.5261	66704
11.5594	66708
11.5927	66712
11.626	66716
11.6592	66720
11.6925	66724
11.7258	66728
11.7591	66732
11.7924	66736
11.8256	66740
11.8589	66744
11.8922	66748
11.9255	66752
11.9588	66756
11.992	66760
12.0253	66764
12.0586	66768
12.0919	66772
12.1252	66776
12.1584	66780
12.1917	66784
12.225	66788
12.2583	66792
12.2916	66796
12.3248	66800
12.3581	66804
12.3914	66808
12.4247	66812
12.458	66816
12.4912	66820
12.5245	66824
12.5578	66828
12.5911	66832
12.6244	66836
12.6576	66840
12.6909	66844
12.7242	66848
12.7575	66852
12.7908	66856
12.824	66860
12.8573	66864
12.8906	66868
12.9239	66872
12.9572	66876
12.9904	66880
13.0237	66884
13.057	66888
13.0903	66892
13.1236	66896
13.1568	66900
13.1901	66904
13.2234	66908
13.2567	66912
13.29	66916
13.3232	66920
13.3565	66924
13.3898	66928
13.4231	66932
13.4564	66936
13.4896	66940
13.5229	66944
13.5562	66948
13.5895	66952
13.6228	66956
13.656	66960
13.6893	66964
13.7226	66968
13.7559	66972
13.7892	66976
13.8224	66980
13.8557	66984
13.889	66988
13.9223	66992
13.9556	66996
13.9888	67000
14.0221	67004
14.0554	67008
14.0887	67012
14.122	67016
14.1552	67020
14.1885	67024
14.2218	67028
14.2551	67032
14.2884	67036
14.3216	67040
14.3549	67044
14.3882	67048
14.4215	67052
14.4548	67056
14.488	67060
14.5213	67064
14.5546	67068
14.5879	67072
14.6212	67076
14.6544	67080
14.6877	67084
14.721	67088
14.7543	67092
14.7876	67096
14.8208	67100
14.8541	67104
14.8874	67108
14.9207	67112
14.954	67116
14.9872	67120
15.0205	67124
15.0538	67128
15.0928	67132
15.1254	67136
15.1721	67140
15.1999	67144
15.256	67148
15.2932	67152
15.3305	67156
15.3772	67160
15.4239	67164
15.4706	67168
15.5172	67172
15.5734	67176
15.6201	67180
15.6668	67184
15.7229	67188
15.7696	67192
15.8257	67196
15.8724	67200
15.9191	67204
15.9752	67208
16.0124	67212
16.0591	67216
16.1058	67220
16.162	67224
16.2086	67228
16.2648	67232
16.302	67236
16.3581	67240
16.4143	67244
16.4515	67248
16.5076	67252
16.5543	67256
16.6105	67260
16.6477	67264
16.7038	67268
16.7505	67272
16.8067	67276
16.8628	67280
16.9095	67284
16.9656	67288
17.0123	67292
17.0684	67296
17.1151	67300
17.1618	67304
17.2085	67308
17.2552	67312
17.3019	67316
17.3485	67320
17.4047	67324
17.4514	67328
17.5075	67332
17.5542	67336
17.6103	67340
17.657	67344
17.7131	67348
17.7598	67352
17.8159	67356
17.8721	67360
17.9188	67364
17.9749	67368
18.116	67372
18.1527	28288
18.181	28556
18.19	28824
18.2183	29092
18.2272	29360
18.2461	29628
18.255	29896
18.2833	30164
18.2923	30432
18.3489	30700
18.3578	30968
18.4145	31236
18.4234	31504
18.48	31772
18.489	32040
18.5173	32308
18.5262	32576
18.5451	32844
18.554	33112
18.5823	33380
18.5913	33648
18.6101	33916
18.6191	34184
18.6474	34452
18.6563	34720
18.6752	34988
18.7507	35256
18.779	35524
18.788	35792
18.8163	36060
18.8252	36328
18.8525	36596
18.8813	36864
18.8903	37132
18.9469	37400
18.9558	37668
19.0125	37936
19.0214	38204
19.078	38472
19.087	38740
19.1153	39008
19.1242	39276
19.1337	28288
19.1337	28422
19.2186	30860
19.2281	31128
19.2375	31396
19.2469	31664
19.2564	31932
19.3319	30860
19.3319	30994
20.748	3874
20.8329	4410
20.8612	4946
20.8801	5482
20.8989	6018
20.9556	23801
20.9839	24069
21.0028	24337
21.0311	24605
21.05	24873
21.0689	25141
21.0877	25409
21.1066	23801
21.1066	23935
21.1255	24069
21.1633	24203
21.1821	24337
21.201	24471
21.2199	24605
21.2293	24739
21.2388	24873
21.2671	19577
21.2765	19845
21.286	20113
21.2954	20381
21.3143	20649
21.3332	20917
21.3426	21185
21.3521	21453
21.3709	21721
21.3898	21989
21.3993	22257
21.4087	19577
21.4087	19711
21.4181	19845
21.4276	19979
21.437	20113
21.4465	20247
21.4559	20381
21.4937	16275
21.5031	16409
21.5125	16543
21.5314	16677
21.5409	16811
21.5503	16945
21.5692	17079
21.5786	17213
21.5881	17347
21.6164	17481
21.6258	17615
21.6353	17749
21.6825	13932
21.6919	14200
21.7013	14468
21.7108	14736
21.7297	15004
21.7485	15272
21.7674	15540
21.7769	15808
21.7957	13932
21.7957	14066
21.8146	14200
21.8335	14334
21.8618	14468
21.8807	14602
21.8996	14736
21.9185	14870
21.9373	15004
21.9562	15138
21.9751	15272
21.994	15406
22.0129	15540
22.0506	15674
22.0695	15808
22.0884	15942
22.1073	16076
22.145	16210
22.1639	16344
22.2111	16478
22.23	16612
22.2489	16746
22.2677	16880
22.2866	17014
22.3055	17148
22.3244	17282
22.3433	17416
22.381	17550
22.3999	17684
22.4188	17818
22.4377	17952
22.4565	18086
22.4943	18220
22.5132	18354
22.5698	18488
22.5887	18622
22.6076	18756
22.6265	18890
22.6453	19024
22.6642	19158
22.6831	19292
22.702	19426
22.7209	19560
22.7586	19694
22.7775	19828
22.7964	19962
22.8153	20096
22.8341	20230
22.8719	20364
22.8908	20498
22.9097	20632
22.9569	20766
22.9757	20900
22.9946	21034
23.0135	21168
23.0324	21302
23.0513	21436
23.0701	21570
23.089	21704
23.1079	21838
23.1457	21972
23.1645	22106
23.1834	22240
23.2023	22374
23.2212	22508
23.2401	22642
23.2778	22776
23.2967	22910
23.3156	23044
23.3439	23178
23.3817	23312
23.4005	23446
23.4194	23580
23.4383	23714
23.4572	23848
23.4761	23982
23.4949	24116
23.5138	24250
23.5327	24384
23.5705	24518
23.5893	24652
23.6082	24786
23.6271	24920
23.646	25054
23.6649	25188
23.6837	25322
23.7121	25456
23.7498	25590
23.7687	25724
23.7876	25858
23.8253	25992
23.8725	26126
23.9103	26260
23.9481	26394
23.9858	26528
24.0236	26662
24.0613	26796
24.0991	26930
24.1369	27064
24.1746	27198
24.2124	27332
24.2501	27466
24.2879	27600
24.3068	27734
24.3257	27868
24.3445	28002
24.3634	28136
24.3823	28270
24.4012	28404
24.4389	28538
24.4767	28672
24.4956	28806
24.5145	28940
24.5333	29074
24.5711	29208
24.6089	29342
24.6466	29476
24.6844	29610
24.7221	29744
24.7599	29878
24.7977	30012
24.8354	30146
24.8637	30280
24.8921	30414
24.9298	30548
24.9676	30682
25.0053	30816
25.0431	30950
25.062	31084
25.0809	31218
25.0997	31352
25.1186	31486
25.1375	31620
25.1564	31754
25.1753	31888
25.2225	32022
25.2602	32156
25.2885	32290
25.3074	32424
25.3263	32558
25.3452	32692
25.3829	32826
25.4207	32960
25.4585	33094
25.4962	33228
25.534	33362
25.5717	33496
25.6095	33630
25.6473	33764
25.6661	33898
25.685	34032
25.7228	34166
25.7605	34300
25.7983	34434
25.8455	34568
25.8833	34702
25.9021	34836
25.921	34970
25.9399	35104
25.9588	35238
25.9777	35372
25.9965	35506
26.0154	35640
26.0343	35774
26.0721	35908
26.1098	36042
26.1287	36176
26.1476	36310
26.1665	36444
26.1853	36578
26.2137	36712
26.242	36846
26.2797	36980
26.3175	37114
26.3553	37248
26.393	37382
26.4119	37516
26.4591	37650
26.4969	37784
26.5346	37918
26.5535	38052
26.5724	38186
26.6101	38320
26.6479	38454
26.6857	38588
26.7045	38722
26.7612	38856
26.7989	38990
26.8178	39124
26.8367	39258
26.8556	39392
26.8745	39526
26.8933	39660
26.9122	39794
26.9311	39928
26.95	40062
26.9689	40196
27.0066	40330
27.0444	40464
27.0633	40598
27.0821	40732
27.101	40866
27.1199	41000
27.1388	41134
27.1671	41268
27.2049	41402
27.2426	41536
27.2804	41670
27.3181	41804
27.3559	41938
27.3748	42072
27.4125	42206
27.4314	42340
27.4692	42474
27.5069	42608
27.5258	42742
27.5447	42876
27.5825	43010
27.6202	43144
27.6674	43278
27.6863	43412
27.7052	43546
27.7524	43680
27.7901	43814
27.809	43948
27.8279	44082
27.8468	44216
27.8657	44350
27.8845	44484
27.9034	44618
27.9223	44752
27.9412	44886
27.9601	45020
27.9789	45154
27.9978	45288
28.0261	45422
28.045	45556
28.0639	45690
28.0828	45824
28.1017	45958
28.1205	46092
28.1394	46226
28.1583	46360
28.1866	46494
28.2244	46628
28.2716	46762
28.3377	37305
28.3471	37573
28.3565	37841
28.366	38109
28.3754	38377
28.4037	38645
28.4132	38913
28.4226	39181
28.4509	39449
28.4604	39717
28.4698	39985
28.4887	40253
28.4981	40521
28.5076	40789
28.517	41057
28.5265	41325
28.5359	41593
28.5642	41861
28.5737	42129
28.5831	42397
28.6114	42665
28.6397	42933
28.6492	43201
28.6586	43469
28.6681	43737
28.6775	44005
28.6869	44273
28.6964	44541
28.7153	44809
28.7247	45077
28.753	45345
28.7625	45613
28.7719	45881
28.7813	46149
28.7908	46417
28.8002	46685
28.8097	46953
28.8191	47221
28.8285	47489
28.838	47757
28.8474	48025
28.8569	48293
28.8663	48561
28.8757	48829
28.8852	49097
28.8946	49365
28.9041	49633
28.9135	49901
28.9229	50169
28.9324	50437
28.9513	50705
28.9607	50973
28.9701	51241
28.9796	51509
28.989	51777
28.9985	52045
29.0079	52313
29.0173	52581
29.0268	52849
29.0362	53117
29.0457	53385
29.0551	53653
29.0645	53921
29.074	54189
29.0834	54457
29.0929	54725
29.1023	54993
29.1117	55261
29.1212	55529
29.1306	55797
29.1401	56065
29.1495	56333
29.1589	56601
29.1684	56869
29.1778	57137
29.1873	57405
29.1967	57673
29.2061	57941
29.2156	58209
29.225	58477
29.2345	58745
29.2439	37305
29.2439	37439
29.3949	42880
29.4044	43148
29.4138	43416
29.4233	43684
29.4327	43952
29.4421	44220
29.4516	44488
29.461	44756
29.4705	45024
29.4799	45292
29.4893	45560
29.4988	45828
29.5082	46096
29.5177	46364
29.5271	46632
29.5365	46900
29.546	47168
29.5554	47436
29.5649	47704
29.5743	47972
29.7065	42880
29.7065	43014
30.7251	5376
30.8581	5912
30.9337	4716
30.9525	4984
30.9714	5252
30.9903	5520
31.0092	5788
31.0281	6056
31.0469	6324
31.113	4716
31.113	4850
31.1508	4984
31.1885	5118
31.2263	5252
31.2452	5386
31.2829	5520
31.434	5654
31.4717	5788
31.5095	5922
31.5284	6056
31.5661	6190
31.7266	6324
31.7644	6458
31.8021	6592
31.821	6726
31.8588	6860
32.0098	6994
32.0476	7128
32.0759	7262
32.1042	7396
32.1231	7530
32.1609	7664
32.3308	7798
32.3685	7932
32.4063	8066
32.4252	8200
32.4441	8334
32.4724	8468
32.5007	8602
32.6706	8736
32.7084	8870
32.7461	9004
32.765	9138
32.7839	9272
32.8028	9406
32.8405	9540
32.8594	9674
33.0482	9808
33.0954	9942
33.1332	10076
33.1521	10210
33.1709	10344
33.1898	10478
33.2276	10612
33.2465	10746
33.2653	10880
33.4541	11014
33.4919	11148
33.5297	11282
33.5485	11416
33.5674	11550
33.5863	11684
33.6241	11818
33.6429	11952
33.6618	12086
33.6901	12220
33.8789	12354
33.9167	12488
33.9545	12622
33.9733	12756
33.9922	12890
34.0111	13024
34.0583	13158
34.0772	13292
34.0961	13426
34.1149	13560
34.1527	13694
34.3226	13828
34.3604	13962
34.3981	14096
34.417	14230
34.4359	14364
34.4548	14498
34.4737	14632
34.5397	14766
34.5586	14900
34.5775	15034
34.5964	15168
34.6341	15302
34.8135	15436
34.8513	15570
34.8701	15704
34.9079	15838
34.9268	15972
34.9457	16106
34.9645	16240
34.9834	16374
35.0401	16508
35.0589	16642
35.0778	16776
35.0967	16910
35.1156	17044
35.1628	17178
35.3421	17312
35.3799	17446
35.3988	17580
35.4365	17714
35.4554	17848
35.4743	17982
35.4932	18116
35.5121	18250
35.5309	18384
35.597	18518
35.6159	18652
35.6348	18786
35.6537	18920
35.6725	19054
35.7103	19188
35.7386	19322
35.9085	19456
35.9463	19590
35.9652	19724
36.0029	19858
36.0218	19992
36.0407	20126
36.0596	20260
36.0785	20394
36.1068	20528
36.1351	20662
36.1823	20796
36.2012	20930
36.2201	21064
36.2389	21198
36.2578	21332
36.2956	21466
36.3333	21600
36.3617	21734
36.5221	21868
36.5599	22002
36.5788	22136
36.6165	22270
36.6354	22404
36.6543	22538
36.6732	22672
36.6921	22806
36.7298	22940
36.7487	23074
36.7865	23208
36.8242	23342
36.8431	23476
36.862	23610
36.8809	23744
36.8997	23878
36.9375	24012
36.9564	24146
36.9941	24280
37.013	24414
37.1829	24548
37.2207	24682
37.2396	24816
37.2773	24950
37.2962	25084
37.3151	25218
37.334	25352
37.3529	25486
37.3812	25620
37.4189	25754
37.4378	25888
37.4756	26022
37.5133	26156
37.5322	26290
37.5511	26424
37.57	26558
37.5889	26692
37.6077	26826
37.6549	26960
37.6738	27094
37.7116	27228
37.7305	27362
37.9098	27496
37.9476	27630
37.9665	27764
37.9853	27898
38.0231	28032
38.042	28166
38.0609	28300
38.0797	28434
38.0986	28568
38.1175	28702
38.1553	28836
38.1741	28970
38.193	29104
38.2308	29238
38.2685	29372
38.2874	29506
38.3063	29640
38.3252	29774
38.3441	29908
38.3724	30042
38.3913	30176
38.429	30310
38.4479	30444
38.4857	30578
38.5045	30712
38.6839	30846
38.7217	30980
38.7405	31114
38.7594	31248
38.7877	31382
38.8161	31516
38.8349	31650
38.8538	31784
38.8727	31918
38.8916	32052
38.9105	32186
38.9482	32320
38.9765	32454
38.9954	32588
39.0237	32722
39.0521	32856
39.0898	32990
39.1087	33124
39.1276	33258
39.1465	33392
39.1653	33526
39.1842	33660
39.2031	33794
39.2314	33928
39.2597	34062
39.2786	34196
39.3164	34330
39.3353	34464
39.5241	34598
39.5618	34732
39.5807	34866
39.5996	35000
39.6185	35134
39.6562	35268
39.6751	35402
39.694	35536
39.7129	35670
39.7412	35804
39.7601	35938
39.7789	36072
39.7978	36206
39.8356	36340
39.8545	36474
39.8828	36608
39.9017	36742
39.9394	36876
39.9772	37010
39.9961	37144
40.0149	37278
40.0338	37412
40.0621	37546
40.081	37680
40.0999	37814
40.1188	37948
40.1377	38082
40.1754	38216
40.1943	38350
40.2321	38484
40.2509	38618
40.2698	38752
40.4397	38886
40.4775	39020
40.4964	39154
40.5153	39288
40.5341	39422
40.5719	39556
40.5908	39690
40.6097	39824
40.6285	39958
40.6663	40092
40.6852	40226
40.7041	40360
40.7229	40494
40.7418	40628
40.7796	40762
40.8079	40896
40.8268	41030
40.8457	41164
40.8645	41298
40.9023	41432
40.9401	41566
40.9589	41700
40.9873	41834
41.0061	41968
41.025	42102
41.0439	42236
41.0628	42370
41.0817	42504
41.1005	42638
41.1289	42772
41.1572	42906
41.1761	43040
41.2138	43174
41.2327	43308
41.2516	43442
41.2705	43576
41.4215	43710
41.4687	43844
41.4876	43978
41.5065	44112
41.5253	44246
41.5442	44380
41.5631	44514
41.582	44648
41.6009	44782
41.6197	44916
41.6575	45050
41.6764	45184
41.6953	45318
41.7141	45452
41.733	45586
41.7613	45720
41.7802	45854
41.7991	45988
41.818	46122
41.8369	46256
41.8557	46390
41.8746	46524
41.9124	46658
41.9313	46792
41.9501	46926
41.969	47060
41.9879	47194
42.0068	47328
42.0257	47462
42.0445	47596
42.0634	47730
42.0823	47864
42.1201	47998
42.1389	48132
42.1578	48266
42.1767	48400
42.205	48534
42.2239	48668
42.2428	48802
42.2617	48936
42.2994	49070
42.3183	49204
42.3372	49338
42.3561	49472
42.3749	49606
42.3938	49740
42.4127	49874
42.4316	50008
42.4505	50142
42.4693	50276
42.4882	50410
42.5071	50544
42.526	50678
42.5449	50812
42.5637	50946
42.5826	51080
42.6015	51214
42.6204	51348
42.6393	51482
42.6581	51616
42.677	51750
42.6959	51884
42.7148	52018
42.7337	52152
42.7525	52286
42.7714	52420
42.7903	52554
42.8092	52688
42.8281	52822
42.8469	52956
42.8658	53090
42.8847	53224
42.9036	53358
42.9225	53492
42.9413	53626
42.9602	53760
42.9885	53894
43.0074	54028
43.0263	54162
43.0452	54296
43.0735	54430
43.0924	54564
43.1113	54698
43.1301	54832
43.149	54966
43.1962	55100
43.2245	55234
43.2434	55368
43.2623	55502
43.2812	55636
43.3001	55770
43.3189	55904
43.3378	56038
43.3567	56172
43.3756	56306
43.3945	56440
43.4133	56574
43.4322	56708
43.4511	56842
43.47	56976
43.4889	57110
43.5077	57244
43.5266	57378
43.5455	57512
43.5644	57646
43.5833	57780
43.6021	57914
43.621	58048
43.6399	58182
43.6588	58316
43.6777	58450
43.6965	58584
43.7154	58718
43.7343	58852
43.7532	58986
43.7721	59120
43.7909	59254
43.8098	59388
43.8287	59522
43.8476	59656
43.8665	59790
43.8948	59924
43.9137	60058
43.9325	60062
43.9514	60066
43.9703	60070
43.9986	60074
44.0175	60078
44.0364	60082
44.0553	60086
44.0741	60090
44.1025	60094
44.1402	60098
44.1591	60102
44.1969	60106
44.2252	60110
44.2441	60114
44.2629	60118
44.2818	60122
44.3007	60126
44.3196	60130
44.3385	60134
44.3573	60138
44.3852	26784
44.3941	27052
44.4035	27320
44.4124	27588
44.4219	27856
44.4308	28124
44.4403	28392
44.4492	28660
44.4586	28928
44.4676	29196
44.477	29464
44.4859	29732
44.4954	30000
44.5043	30268
44.5137	30536
44.5227	30804
44.5321	31072
44.541	31340
44.5505	31608
44.5594	31876
44.5688	32144
44.5778	32412
44.5872	32680
44.5961	32948
44.6056	33216
44.6145	33484
44.6239	33752
44.6329	34020
44.6423	34288
44.6512	34556
44.6607	34824
44.6696	35092
44.6885	35360
44.6974	35628
44.7068	35896
44.7158	36164
44.7252	36432
44.7341	36700
44.753	36968
44.762	37236
44.7714	37504
44.7803	37772
44.7898	38040
44.7987	38308
44.8176	38576
44.8359	38844
44.8643	39112
44.8732	39380
44.8826	39648
44.8916	39916
44.9199	40184
44.9377	40452
44.9477	40720
44.9566	40988
44.966	41256
44.975	41524
44.9844	41792
44.9933	42060
45.0028	42328
45.0117	42596
45.0212	42864
45.0301	43132
45.0395	26784
45.0395	26918
45.0773	27052
45.1056	27186
45.1245	27320
45.1528	27454
45.2	27588
45.2378	27722
45.285	27856
45.3038	27990
45.3227	28124
45.3416	28258
45.3794	28392
45.4077	28526
45.436	28660
45.4549	28794
45.4832	28928
45.5021	29062
45.5304	29196
45.5682	29330
45.6059	29464
45.6326	29598
45.6604	29732
45.6976	29866
45.7254	30000
45.7438	30134
45.7622	30268
45.7805	30402
45.7989	30536
45.8362	30670
45.8545	30804
45.8729	30938
45.9007	31072
45.9191	31206
45.9469	31340
45.9747	31474
46.0214	31608
46.0586	31742
46.0959	31876
46.1142	32010
46.1515	32144
46.1887	32278
46.2071	32412
46.2255	32546
46.2533	32680
46.2811	32814
46.3089	32948
46.3273	33082
46.3551	33216
46.4018	33350
46.439	33484
46.4668	33618
46.5041	33752
46.5319	33886
46.5691	34020
46.6064	34154
46.6247	34288
46.662	34422
46.6804	34556
46.7082	34690
46.736	34824
46.7921	34958
46.8199	35092
46.8572	35226
46.8944	35360
46.9222	35494
46.9595	35628
46.9967	35762
47.0151	35896
47.0523	36030
47.0801	36164
47.1079	36298
47.1452	36432
47.1824	36566
47.2197	36700
47.2569	36834
47.2847	36968
47.322	37102
47.3687	37236
47.4059	37370
47.4243	37504
47.4615	37638
47.4799	37772
47.5172	37906
47.5638	38040
47.6011	38174
47.6383	38308
47.6756	38442
47.7034	38576
47.7406	38710
47.7779	38844
47.8151	38978
47.8524	39112
47.8802	39246
47.908	39380
47.9452	39514
47.9825	39648
48.0197	39782
48.0476	39916
48.0754	40050
48.1126	40184
48.1404	40318
48.1682	40452
48.2149	40586
48.2522	40720
48.2894	40854
48.3267	40988
48.345	41122
48.3823	41256
48.4195	41390
48.4568	41524
48.5035	41658
48.5313	41792
48.5685	41926
48.6058	42060
48.6241	42194
48.6614	42328
48.6986	42462
48.7359	42596
48.7731	42730
48.8009	42864
48.8382	42998
48.8754	43132
48.9127	43266
48.9405	43400
48.9777	43534
49.015	43668
49.0522	43802
49.0706	43936
49.1078	44070
49.1451	44204
49.1729	44338
49.2101	44472
49.2474	44606
49.2846	44740
49.3219	44874
49.3591	45008
49.3964	45142
49.4242	45276
49.4709	45410
49.5081	45544
49.5454	45678
49.5732	45812
49.601	45946
49.6382	46080
49.6755	46214
49.7127	46348
49.75	46482
49.7872	46616
49.8245	46750
49.8523	46884
49.8895	47018
49.9173	47152
49.9546	47286
49.973	47420
50.0102	47554
50.0475	47688
50.0847	47822
50.122	47956
50.1498	48090
50.1776	48224
50.2148	48358
50.2615	48492
50.3082	48626
50.336	48760
50.3638	48894
50.4011	49028
50.4383	49162
50.4756	49296
50.5034	49430
50.55	49564
50.5873	49698
50.6245	49832
50.6524	49966
50.6802	50100
50.7174	50234
50.7547	50368
50.7919	50502
50.8103	50636
50.8475	50770
50.8848	50904
50.922	51038
50.9498	51172
50.9871	51306
51.0243	51440
51.0427	51574
51.0988	51708
51.1266	51842
51.1733	51976
51.2106	52110
51.2289	52244
51.2662	52378
51.3034	52512
51.3407	52646
51.359	52780
51.3963	52914
51.4335	53048
51.4613	53182
51.4892	53316
51.5358	53450
51.5825	53584
51.6103	53718
51.6476	53852
51.6848	53986
51.7221	54120
51.7688	54254
51.806	54388
51.8244	54522
51.8616	54656
51.8989	54790
51.9361	54924
51.9545	55058
51.9917	55192
52.029	55326
52.0662	55460
52.094	55594
52.1313	55728
52.1591	55862
52.1964	55996
52.2336	56130
52.2708	56264
52.2987	56398
52.3359	56532
52.3637	56666
52.401	56800
52.4382	56934
52.4755	57068
52.5033	57202
52.5405	57336
52.5683	57470
52.5961	57604
52.6334	57738
52.6706	57872
52.7079	58006
52.7451	58140
52.7635	58274
52.8007	58408
52.838	58542
52.8752	58676
52.9125	58810
52.9592	58944
53.0059	59078
53.0242	59212
53.0615	59346
53.0987	59480
53.136	59614
53.1543	59748
53.1916	59882
53.2288	60016
53.2566	60020
53.2844	60024
53.3311	60028
53.3684	60032
53.4056	60036
53.4334	60040
53.4612	60044
53.4985	60048
53.5357	60052
53.5824	60056
53.6102	60060
53.6475	60064
53.6847	60068
53.722	60072
53.7404	60076
53.7776	60080
53.8054	60084
53.8332	60088
53.8705	60092
53.9077	60096
53.9355	60100
53.9822	60104
54.0195	60108
54.0567	60112
54.0845	60116
54.1123	60120
54.1496	60124
54.1868	60128
54.2241	60132
54.2613	60136
54.2986	60140
54.3358	60144
54.3731	60148
54.4009	60152
54.4381	60156
54.4659	60160
54.5032	60164
54.5404	60168
54.5777	60172
54.6055	60176
54.6427	60180
54.68	60184
54.7172	60188
54.745	60192
54.7823	60196
54.8101	60200
54.8473	60204
54.8846	60208
54.9124	60212
54.9496	60216
54.9869	60220
55.0241	60224
55.0614	60228
55.0797	60232
55.117	60236
55.1354	60240
55.1726	60244
55.2099	60248
55.2471	60252
55.2844	60256
55.3122	60260
55.3494	60264
55.3961	60268
55.4239	60272
55.4612	60276
55.4984	60280
55.5262	60284
55.5635	60288
55.5913	60292
55.6191	60296
55.6563	60300
55.6841	60304
55.7308	60308
55.7681	60312
55.8053	60316
55.8331	60320
55.8704	60324
55.9076	60328
55.9449	60332
55.9821	60336
56.0099	60340
56.0472	60344
56.0844	60348
56.1122	60352
56.14	60356
56.1773	60360
56.2145	60364
56.2518	60368
56.2796	60372
56.3168	60376
56.3541	60380
56.3913	60384
56.4191	60388
56.4564	60392
56.4842	60396
56.5214	60400
56.5398	60404
56.5771	60408
56.6143	60412
56.6516	60416
56.6888	60420
56.726	60424
56.7633	60428
56.8005	60432
56.8284	60436
56.8656	60440
56.9028	60444
56.9307	60448
56.9679	60452
56.9957	60456
57.033	60460
57.0608	60464
57.098	60468
57.1353	60472
57.1631	60476
57.2098	60480
57.2376	60484
57.2654	60488
57.3026	60492
57.3304	60496
57.3677	60500
57.3955	60504
57.4422	60508
57.4889	60512
57.5261	60516
57.5634	60520
57.5817	60524
57.619	60528
57.6562	60532
57.684	60536
57.7118	60540
57.7585	60544
57.7958	60548
57.8236	60552
57.8608	60556
57.8886	60560
57.9259	60564
57.9631	60568
58.0004	60572
58.0188	60576
58.056	60580
58.0838	60584
58.1116	60588
58.1489	60592
58.1861	60596
58.2234	60600
58.2606	60604
58.2884	60608
58.3257	60612
58.3535	60616
58.3907	60620
58.428	60624
58.4558	60628
58.493	60632
58.5303	60636
58.5675	60640
58.5953	60644
58.6326	60648
58.6604	60652
58.7071	60656
58.7443	60660
58.791	60664
58.8094	60668
58.8466	60672
58.8839	60676
58.9117	60680
58.9395	60684
58.9767	60688
59.0045	60692
59.0607	60696
59.0979	60700
59.1163	60704
59.1535	60708
59.1813	60712
59.2186	60716
59.2464	60720
59.2931	60724
59.3209	60728
59.3581	60732
59.3954	60736
59.4326	60740
59.4604	60744
59.5071	60748
59.5349	60752
59.5628	60756
59.6	60760
59.6372	60764
59.6651	60768
59.7023	60772
59.7301	60776
59.7674	60780
59.8046	60784
59.8324	60788
59.8791	60792
59.9164	60796
59.9347	60800
59.972	60804
60.0092	60808
60.0465	60812
60.0648	60816
60.1115	60820
60.1393	60824
60.1766	60828
60.2138	60832
60.2511	60836
60.2789	60840
60.3161	60844
60.3439	60848
60.3906	60852
60.4279	60856
60.4651	60860
60.4835	60864
60.5207	60868
60.558	60872
60.5952	60876
60.6325	60880
60.6508	60884
60.6975	60888
60.7253	60892
60.7626	60896
60.7998	60900
60.8371	60904
60.8743	60908
60.9021	60912
60.9394	60916
60.9766	60920
61.0044	60924
61.0417	60928
61.0695	60932
61.1068	60936
61.144	60940
61.1812	60944
61.1996	60948
61.2369	60952
61.2741	60956
61.3114	60960
61.3297	60964
61.367	60968
61.4042	60972
61.4415	60976
61.4882	60980
61.5065	60984
61.5438	60988
61.581	60992
61.6183	60996
61.6555	61000
61.6928	61004
61.7206	61008
61.7484	61012
61.7856	61016
61.8134	61020
61.8507	61024
61.8785	61028
61.9157	61032
61.9436	61036
61.9808	61040
62.0086	61044
62.0459	61048
62.0831	61052
62.1204	61056
62.167	61060
62.1948	61064
62.2321	61068
62.2599	61072
62.2972	61076
62.325	61080
62.3622	61084
62.39	61088
62.4367	61092
62.4645	61096
62.4923	61100
62.5296	61104
62.5763	61108
62.6041	61112
62.6319	61116
62.6691	61120
62.7064	61124
62.7342	61128
62.7714	61132
62.8087	61136
62.8365	61140
62.8737	61144
62.911	61148
62.9293	61152
62.9666	61156
63.0038	61160
63.0505	61164
63.0783	61168
63.1156	61172
63.1528	61176
63.1901	61180
63.2084	61184
63.2457	61188
63.2829	61192
63.3108	61196
63.3386	61200
63.3758	61204
63.4131	61208
63.4597	61212
63.4876	61216
63.5248	61220
63.5526	61224
63.5899	61228
63.6177	61232
63.6549	61236
63.6922	61240
63.7294	61244
63.7572	61248
63.785	61252
63.8223	61256
63.8595	61260
63.8873	61264
63.9246	61268
63.9618	61272
63.9896	61276
64.0269	61280
64.0641	61284
64.1014	61288
64.1197	61292
64.157	61296
64.1942	61300
64.2315	61304
64.2687	61308
64.2965	61312
64.3338	61316
64.371	61320
64.4083	61324
64.4455	61328
64.4828	61332
64.52	61336
64.5478	61340
64.5851	61344
64.6223	61348
64.6596	61352
64.678	61356
64.7152	61360
64.7524	61364
64.7897	61368
64.8175	61372
64.8453	61376
64.8826	61380
64.9198	61384
64.9571	61388
64.9943	61392
65.0221	61396
65.0499	61400
65.0872	61404
65.1244	61408
65.1617	61412
65.1895	61416
65.2173	61420
65.2451	61424
65.2823	61428
65.3101	61432
65.3474	61436
65.3846	61440
65.4313	61444
65.4497	61448
65.4869	61452
65.5242	61456
65.5614	61460
65.5987	61464
65.6171	61468
65.6543	61472
65.6916	61476
65.7382	61480
65.766	61484
65.7939	61488
65.8311	61492
65.8684	61496
65.9056	61500
65.9428	61504
65.9612	61508
65.9985	61512
66.0357	61516
66.073	61520
66.1102	61524
66.1286	61528
66.1753	61532
66.2031	61536
66.2403	61540
66.2681	61544
66.3054	61548
66.3426	61552
66.3799	61556
66.4171	61560
66.4449	61564
66.4822	61568
66.5194	61572
66.5567	61576
66.5845	61580
66.6123	61584
66.6495	61588
66.6868	61592
66.7146	61596
66.7424	61600
66.7796	61604
66.8169	61608
66.8447	61612
66.882	61616
66.9098	61620
66.947	61624
66.9843	61628
67.0215	61632
67.0493	61636
67.0866	61640
67.1144	61644
67.1516	61648
67.1794	61652
67.2167	61656
67.2539	61660
67.2817	61664
67.319	61668
67.3657	61672
67.3935	61676
67.4496	25363
67.4585	25631
67.4868	25899
67.4958	26167
67.5241	26435
67.533	26703
67.5519	26971
67.5698	27239
67.5797	27507
67.5886	27775
67.617	28043
67.6259	28311
67.6542	28579
67.6631	28847
67.682	29115
67.6999	29383
67.7098	29651
67.7188	29919
67.7471	30187
67.756	30455
67.7843	30723
67.7932	30991
67.8121	31259
67.8305	31527
67.8494	31795
67.8677	32063
67.8772	32331
67.8861	32599
67.9144	32867
67.9234	33135
67.9517	33403
67.9606	33671
67.97	33939
67.9884	34207
68.0167	34475
68.0346	34743
68.0445	35011
68.0535	35279
68.0818	35547
68.0907	35815
68.1002	36083
68.1185	36351
68.1374	36619
68.1463	36887
68.1747	37155
68.1836	37423
68.2119	37691
68.2208	37959
68.2397	38227
68.2581	38495
68.277	38763
68.2948	39031
68.3236	39299
68.3326	39567
68.3609	39835
68.3698	40103
68.3793	40371
68.3935	5046
68.4071	5582
68.5676	6118
68.5959	6654
68.6336	7190
68.6714	7726
68.728	8262
68.7752	8798
68.8413	9334
68.8791	9870
68.9168	7718
68.9263	7986
68.9452	8254
68.964	8522
68.9829	8790
69.0018	9058
69.0207	9326
69.0396	9594
69.0584	9862
69.1528	10130
69.1717	10398
69.1812	10666
69.1906	10934
69.2	11202
69.2095	11470
69.2472	7718
69.2472	7852
69.285	7986
69.3039	8120
69.3794	8254
69.4266	8388
69.4549	8522
69.5399	8656
69.5871	8790
69.606	8924
69.7853	9058
69.8892	9192
69.9364	9326
69.9552	9460
70.0591	9594
70.078	9728
70.1157	9862
70.1346	9996
70.2856	10130
70.3423	10264
70.3612	10398
70.38	10532
70.4744	10666
70.4933	10800
70.5122	10934
70.55	11068
70.5688	11202
70.7388	11336
70.7954	11470
70.8143	11604
70.8332	11738
70.9276	11872
70.9559	12006
70.9748	12140
70.9936	12274
71.0314	12408
71.0503	12542
71.2013	12676
71.258	12810
71.2768	12944
71.2957	13078
71.3901	13212
71.4184	13346
71.4468	13480
71.4656	13614
71.4845	13748
71.5223	13882
71.5412	14016
71.7016	14150
71.7583	14284
71.7772	14418
71.796	14552
71.8149	14686
71.9093	14820
71.9282	14954
71.966	15088
71.9848	15222
72.0037	15356
72.0415	15490
72.0604	15624
72.0887	15758
72.2492	15892
72.3058	16026
72.3247	16160
72.3436	16294
72.3624	16428
72.4663	16562
72.4852	16696
72.5229	16830
72.5418	16964
72.5607	17098
72.5796	17232
72.6173	17366
72.6362	17500
72.6551	17634
72.8344	17768
72.8911	17902
72.91	18036
72.9288	18170
72.9477	18304
72.9666	18438
73.061	18572
73.0799	18706
73.1176	18840
73.1365	18974
73.1554	19108
73.1743	19242
73.1932	19376
73.2309	19510
73.2498	19644
73.2687	19778
73.448	19912
73.5047	20046
73.5236	20180
73.5424	20314
73.5613	20448
73.5802	20582
73.5991	20716
73.7029	20850
73.7218	20984
73.7596	21118
73.7784	21252
73.7973	21386
73.8162	21520
73.8351	21654
73.8728	21788
73.8917	21922
73.9106	22056
73.9295	22190
74.1088	22324
74.1655	22458
74.1938	22592
74.2127	22726
74.2316	22860
74.2504	22994
74.2693	23128
74.2882	23262
74.3826	23396
74.4015	23530
74.4392	23664
74.4581	23798
74.477	23932
74.4959	24066
74.5148	24200
74.5431	24334
74.5714	24468
74.5903	24602
74.6092	24736
74.628	24870
74.8263	25004
74.8829	25138
74.9018	25272
74.9207	25406
74.9396	25540
74.9584	25674
74.9773	25808
74.9962	25942
75.0245	26076
75.1189	26210
75.1378	26344
75.1756	26478
75.1944	26612
75.2133	26746
75.2322	26880
75.2511	27014
75.27	27148
75.2888	27282
75.3266	27416
75.3455	27550
75.3644	27684
75.3832	27818
75.4116	27952
75.6004	28086
75.6664	28220
75.6948	28354
75.7136	28488
75.7325	28622
75.7514	28756
75.7703	28890
75.7892	29024
75.808	29158
75.8364	29292
75.9213	29426
75.9402	29560
75.978	29694
75.9968	29828
76.0157	29962
76.0346	30096
76.0535	30230
76.0724	30364
76.0912	30498
76.1101	30632
76.1479	30766
76.1668	30900
76.1951	31034
76.214	31168
76.2328	31302
76.2517	31436
76.45	31570
76.5066	31704
76.5255	31838
76.5444	31972
76.5632	32106
76.5821	32240
76.601	32374
76.6199	32508
76.6388	32642
76.6671	32776
76.7048	32910
76.7804	33044
76.7992	33178
76.837	33312
76.8559	33446
76.8748	33580
76.8936	33714
76.9125	33848
76.9314	33982
76.9597	34116
76.9786	34250
76.9975	34384
77.0352	34518
77.0541	34652
77.0824	34786
77.1013	34920
77.1202	35054
77.1391	35188
77.158	35322
77.3562	35456
77.4223	35590
77.4412	35724
77.46	35858
77.4789	35992
77.4978	36126
77.5167	36260
77.5356	36394
77.5639	36528
77.5828	36662
77.6111	36796
77.6394	36930
77.7149	37064
77.7338	37198
77.7716	37332
77.7904	37466
77.8093	37600
77.8282	37734
77.8471	37868
77.866	38002
77.8848	38136
77.9037	38270
77.9226	38404
77.9415	38538
77.9792	38672
78.0076	38806
78.0264	38940
78.0453	39074
78.0642	39208
78.0831	39342
78.102	39476
78.1208	39610
78.3191	39744
78.3474	39878
78.4135	40012
78.4324	40146
78.4512	40280
78.4701	40414
78.489	40548
78.5079	40682
78.5268	40816
78.5456	40950
78.5645	41084
78.5834	41218
78.6212	32588
78.6872	32856
78.6967	33124
78.7061	33392
78.7156	33660
78.725	33928
78.7533	34196
78.7628	34464
78.7722	34732
78.7816	35000
78.7911	35268
78.8005	35536
78.81	35804
78.8194	36072
78.8288	36340
78.8383	36608
78.8477	36876
78.8572	37144
78.8666	37412
78.876	37680
78.8855	37948
78.8949	38216
78.9044	38484
78.9138	38752
78.9232	39020
78.9327	39288
78.9421	39556
78.9516	39824
78.961	40092
78.9704	40360
78.9799	40628
78.9893	40896
78.9988	41164
79.0082	41432
79.0176	41700
79.0271	41968
79.0365	42236
79.046	42504
79.0554	42772
79.0648	43040
79.0743	43308
79.0837	43576
79.0932	43844
79.1026	44112
79.112	44380
79.1215	44648
79.3103	44916
79.3197	45184
79.3292	45452
79.3386	45720
79.3952	45988
79.4047	46256
79.4141	46524
79.4236	46792
79.433	47060
79.4424	47328
79.4519	47596
79.4613	47864
79.4708	48132
79.4802	48400
79.4896	48668
79.4991	48936
79.5085	49204
79.518	49472
79.5274	49740
79.5368	50008
79.5463	50276
79.5557	50544
79.5652	50812
79.5746	51080
79.584	51348
79.5935	51616
79.6029	32588
79.6029	32722
79.6879	26156
79.6973	26424
79.7068	26692
79.7162	26960
79.7256	27228
79.7445	27496
79.754	27764
79.7634	28032
79.7728	28300
79.7823	28568
79.7917	28836
79.8012	29104
79.8106	29372
79.82	29640
79.8295	29908
79.8389	30176
79.8484	30444
79.8578	30712
79.8672	30980
79.8767	31248
79.8861	31516
79.8956	31784
79.905	32052
79.9144	32320
79.9239	32588
79.9428	32856
79.9616	33124
79.9711	33392
79.9805	33660
79.9994	33928
80.0088	34196
80.0183	34464
80.0277	26156
80.0277	26290
80.0938	26424
80.1127	26558
80.141	26692
80.1788	26826
80.2165	26960
80.2448	27094
80.2637	27228
80.292	27362
80.3204	27496
80.3487	27630
80.3864	27764
80.4148	27898
80.4431	28032
80.462	28166
80.4808	28300
80.4997	28434
80.528	28568
80.5658	28702
80.5941	28836
80.613	28970
80.6413	29104
80.6696	29238
80.6885	29372
80.7168	29506
80.7546	29640
80.7735	29774
80.7924	29908
80.8112	30042
80.8301	30176
80.8679	30310
80.8868	30444
80.9056	30578
80.9245	30712
80.9434	30846
80.9812	30980
81	31114
81.0189	31248
81.0378	31382
81.0756	31516
81.0944	31650
81.1322	31784
81.1605	31918
81.1794	32052
81.1983	32186
81.2172	32320
81.236	32454
81.2738	32588
81.3021	32722
81.321	32856
81.3399	32990
81.3588	33124
81.3776	33258
81.4154	33392
81.4343	33526
81.4532	33660
81.472	33794
81.4909	33928
81.5287	34062
81.5476	34196
81.5664	34330
81.6042	34464
81.6231	34598
81.642	34732
81.6608	34866
81.6797	35000
81.6986	35134
81.7269	35268
81.7552	35402
81.7836	35536
81.8119	35670
81.8308	35804
81.8496	35938
81.8685	36072
81.8874	36206
81.9063	36340
81.944	36474
81.9724	36608
81.9912	36742
82.0101	36876
82.029	37010
82.0479	37144
82.0856	37278
82.1045	37412
82.1234	37546
82.1423	37680
82.18	37814
82.1989	37948
82.2178	38082
82.2367	38216
82.2556	38350
82.2744	38484
82.2933	38618
82.3216	38752
82.35	38886
82.3688	39020
82.3972	39154
82.4255	39288
82.4444	39422
82.4632	39556
82.4821	39690
82.501	39824
82.5199	39958
82.5388	40092
82.5765	40226
82.5954	40360
82.6143	40494
82.6332	40628
82.652	40762
82.6709	40896
82.699	41030
82.7268	41164
82.7452	41298
82.7635	41432
82.7819	41566
82.8097	41700
82.8375	41834
82.8559	41968
82.8742	42102
82.8926	42236
82.911	42370
82.9293	42504
82.9661	42638
83.0038	42772
83.0311	42906
83.0595	43040
83.0778	43174
83.0962	43308
83.1146	43442
83.1518	43576
83.1796	43710
83.198	43844
83.2164	43978
83.2442	44112
83.272	44246
83.2903	44380
83.3087	44514
83.346	44648
83.3643	44782
83.3827	44916
83.4011	45050
83.4383	45184
83.4567	45318
83.4939	45452
83.5123	45586
83.5307	45720
83.5679	45854
83.6052	45988
83.6235	46122
83.6508	46256
83.6886	46390
83.7069	46524
83.7442	46658
83.7626	46792
83.7809	46926
83.8271	47060
83.8549	47194
83.8832	47328
83.9016	47462
83.9388	47596
83.9761	47730
83.9945	47864
84.0223	47998
84.0595	48132
84.0873	48266
84.1151	48400
84.1524	48534
84.1896	48668
84.2264	48802
84.2452	48936
84.2825	49070
84.3103	49204
84.3381	49338
84.3754	49472
84.3937	49606
84.431	49740
84.4583	49874
84.4955	50008
84.5333	50142
84.5705	50276
84.6078	50410
84.6356	50544
84.6634	50678
84.7006	50812
84.7284	50946
84.7657	51080
84.793	51214
84.8302	51348
84.8586	51482
84.8958	51616
84.9331	51750
84.9703	51884
84.9981	52018
85.0259	52152
85.0632	52286
85.1093	52420
85.1372	52554
85.1744	52688
85.2027	52822
85.2494	52956
85.2867	53090
85.3239	53224
85.3517	53358
85.3795	53492
85.4168	53626
85.454	53760
85.4908	53894
85.5186	54028
85.5469	54162
85.6025	54296
85.6308	54430
85.6681	54564
85.7053	54698
85.7426	54832
85.7704	54966
85.8076	55100
85.8354	55234
85.8727	55368
85.9094	55502
85.9372	55636
85.9839	55770
86.0122	55904
86.0495	56038
86.0867	56172
86.124	56306
86.1612	56440
86.189	56574
86.2168	56708
86.2541	56842
86.2814	56976
86.3097	57110
86.3469	57244
86.3842	57378
86.4214	57512
86.4681	57646
86.5054	57780
86.5332	57914
86.5704	58048
86.6077	58182
86.6444	58316
86.6727	58450
86.7095	58584
86.7467	58718
86.7745	58852
86.8028	58986
86.8401	59120
86.8773	59254
86.9146	59388
86.9518	59522
86.9891	59656
87.0075	59790
87.0536	59924
87.0914	60058
87.1286	60062
87.1659	60066
87.1932	60070
87.2215	60074
87.2588	60078
87.296	60082
87.3238	60086
87.3705	60090
87.4077	60094
87.445	60098
87.4822	60102
87.5095	60106
87.5468	60110
87.5751	60114
87.6124	60118
87.6496	60122
87.668	60126
87.7052	60130
87.7425	60134
87.7703	60138
87.8075	60142
87.8448	60146
87.882	60150
87.9193	60154
87.9466	60158
87.9749	60162
88.0216	60166
88.0588	60170
88.0956	60174
88.1144	60178
88.1611	60182
88.1889	60186
88.2167	60190
88.254	60194
88.3007	60198
88.3474	60202
88.3657	60206
88.403	60210
88.4402	60214
88.4775	60218
88.5147	60222
88.552	60226
88.5887	60230
88.617	60234
88.6448	60238
88.6821	60242
88.7193	60246
88.7471	60250
88.7938	60254
88.8122	60258
88.8494	60262
88.8867	60266
88.9239	60270
88.9612	60274
88.9979	60278
89.0446	60282
89.0724	60286
89.1007	60290
89.1285	60294
89.1658	60298
89.1936	60302
89.2308	60306
89.2681	60310
89.3148	60314
89.352	60318
89.3798	60322
89.4171	60326
89.4543	60330
89.4916	60334
89.5283	60338
89.5656	60342
89.5934	60346
89.6217	60350
89.6401	60354
89.6773	60358
89.7146	60362
89.7518	60366
89.7796	60370
89.8263	60374
89.8636	60378
89.9008	60382
89.938	60386
89.9564	60390
89.9937	60394
90.0309	60398
90.0676	60402
90.1049	60406
90.1427	60410
90.1799	60414
90.2077	60418
90.245	60422
90.2728	60426
90.31	60430
90.3473	60434
90.3845	60438
90.4218	60442
90.459	60446
90.4963	60450
90.5241	60454
90.5613	60458
90.5986	60462
90.6259	60466
90.6631	60470
90.6914	60474
90.7282	60478
90.7565	60482
90.7843	60486
90.8215	60490
90.8588	60494
90.896	60498
90.9238	60502
90.9611	60506
90.9983	60510
91.0261	60514
91.0634	60518
91.1006	60522
91.1379	60526
91.1751	60530
91.2119	60534
91.2491	60538
91.268	60542
91.3147	60546
91.3331	60550
91.3703	60554
91.4076	60558
91.4448	60562
91.482	60566
91.5193	60570
91.5377	60574
91.5749	60578
91.6122	60582
91.6494	60586
91.6867	60590
91.7333	60594
91.7701	60598
91.8073	60602
91.8356	60606
91.8635	60610
91.9096	60614
91.938	60618
91.9752	60622
92.003	60626
92.0308	60630
92.0681	60634
92.1053	60638
92.1426	60642
92.1704	60646
92.2076	60650
92.2354	60654
92.2727	60658
92.3099	60662
92.3467	60666
92.3745	60670
92.4028	60674
92.44	60678
92.4768	60682
92.514	60686
92.5607	60690
92.5796	60694
92.6168	60698
92.6541	60702
92.6913	60706
92.7191	60710
92.7559	60714
92.7936	60718
92.8309	60722
92.8681	60726
92.8959	60730
92.9332	60734
92.961	60738
92.9982	60742
93.035	60746
93.0628	60750
93.0911	60754
93.1284	60758
93.1656	60762
93.2023	60766
93.2307	60770
93.2773	60774
93.3052	60778
93.3424	60782
93.3796	60786
93.398	60790
93.4353	60794
93.4725	60798
93.5098	60802
93.5376	60806
93.5748	60810
93.6026	60814
93.6399	60818
93.6771	60822
93.7044	60826
93.7327	60830
93.77	60834
93.8167	60838
93.8539	60842
93.8723	60846
93.9095	60850
93.9468	60854
93.984	60858
94.0118	60862
94.0486	60866
94.0858	60870
94.1236	60874
94.1608	60878
94.1792	60882
94.2164	60886
94.2537	60890
94.281	60894
94.3277	60898
94.356	60902
94.3927	60906
94.4205	60910
94.4583	60914
94.4956	60918
94.5328	60922
94.57	60926
94.6073	60930
94.6445	60934
94.6724	60938
94.7096	60942
94.7369	60946
94.7652	60950
94.8025	60954
94.8397	60958
94.8675	60962
94.9048	60966
94.9326	60970
94.9698	60974
95.0071	60978
95.0443	60982
95.0716	60986
95.0999	60990
95.1466	60994
95.1834	60998
95.2206	61002
95.2584	61006
95.2956	61010
95.3234	61014
95.3607	61018
95.3979	61022
95.4257	61026
95.4625	61030
95.4908	61034
95.528	61038
95.5558	61042
95.5931	61046
95.6303	61050
95.6576	61054
95.6949	61058
95.7326	61062
95.7699	61066
95.8066	61070
95.8344	61074
95.8628	61078
95.8995	61082
95.9367	61086
95.9745	61090
96.0117	61094
96.049	61098
96.0862	61102
96.1235	61106
96.1513	61110
96.1786	61114
96.2164	61118
96.2536	61122
96.2814	61126
96.3187	61130
96.3559	61134
96.3743	61138
96.4115	61142
96.4488	61146
96.4855	61150
96.5228	61154
96.5511	61158
96.5883	61162
96.6251	61166
96.6623	61170
96.6906	61174
96.7184	61178
96.7557	61182
96.7929	61186
96.8302	61190
96.858	61194
96.8952	61198
96.9225	61202
96.9697	61206
97.007	61210
97.0253	61214
97.0626	61218
97.0998	61222
97.1182	61226
97.1555	61230
97.1927	61234
97.2294	61238
97.2667	61242
97.3044	61246
97.3417	61250
97.369	61254
97.4062	61258
97.444	61262
97.4718	61266
97.5091	61270
97.5463	61274
97.593	61278
97.6208	61282
97.6486	61286
97.6759	61290
97.7231	61294
97.7509	61298
97.7787	61302
97.816	61306
97.8532	61310
97.8716	61314
97.9088	61318
97.9461	61322
97.9833	61326
98.0201	61330
98.0573	61334
98.0856	61338
98.1229	61342
98.1502	61346
98.1874	61350
98.2346	61354
98.2624	61358
98.2997	61362
98.3275	61366
98.3742	61370
98.402	61374
98.4392	61378
98.4665	61382
98.5043	61386
98.5321	61390
98.5693	61394
98.6066	61398
98.6344	61402
98.6622	61406
98.6995	61410
98.7367	61414
98.774	61418
98.8012	61422
98.8385	61426
98.8763	61430
98.913	61434
98.9319	61438
98.9691	61442
99.0158	61446
99.0436	61450
99.0809	61454
99.1181	61458
99.1554	61462
99.1926	61466
99.2204	61470
99.2577	61474
99.2944	61478
99.3322	61482
99.3694	61486
99.3972	61490
99.4345	61494
99.4623	61498
99.4896	61502
99.5268	61506
99.5551	61510
99.5924	61514
99.6197	61518
99.6574	61522
99.6947	61526
99.7319	61530
99.7687	61534
99.7965	61538
99.8248	61542
99.862	61546
99.8993	61550
99.9365	61554
99.9644	61558
