15	536
15.0833	1072
15.1626	1608
15.2466	2144
15.3399	2680
15.3677	3216
15.4984	3752
15.5267	4288
15.5545	4824
15.7134	5360
15.7507	5896
15.779	6432
15.8068	6968
16.0163	7504
16.0403	8040
16.0686	8576
16.0964	9112
16.1336	9648
16.1525	10184
16.1898	10720
16.4888	11256
16.5171	11792
16.5449	12328
16.5821	12864
16.601	13400
16.6383	13936
16.6755	14472
16.6944	15008
16.7316	15544
16.76	16080
17.1896	16616
17.2179	17152
17.2457	17688
17.283	18224
17.3113	18760
17.3391	19296
17.3764	19832
17.3952	20368
17.4325	20904
17.4886	21440
17.5169	21976
17.5447	22512
17.582	23048
17.6009	23584
17.6381	24120
18.1716	24656
18.2366	13936
18.2644	14472
18.2739	15008
18.3017	15544
18.3111	16080
18.3206	16616
18.33	17152
18.3673	17688
18.3767	18224
18.3861	18760
18.3956	19296
18.405	19832
18.4328	20368
18.4706	20904
18.4984	21440
18.5078	21976
18.5356	22512
18.5635	23048
18.5729	23584
18.6007	24120
18.6285	24656
19.1525	25192
19.162	25728
19.1714	26264
19.2658	26800
19.2753	27336
19.2847	27872
19.2941	26800
19.3036	27336
19.3413	27872
19.3508	28408
19.3602	28944
19.3791	29480
19.3885	30016
19.4263	30552
19.4357	31088
19.4452	31624
19.4546	31088
19.4641	31624
19.4735	32160
19.4829	32696
19.5301	33232
19.5396	33768
19.549	34304
19.5585	33232
19.5679	33768
19.5773	34304
19.5868	34840
19.5962	35376
19.6812	35912
19.6906	36448
19.7001	36984
19.7189	37520
19.7284	38056
19.7378	38592
19.7473	39128
19.7567	39664
19.8417	40200
19.8511	40736
19.8605	41272
19.87	39128
19.8794	39664
19.8889	40200
19.8983	40736
19.9077	41272
19.9172	41808
19.9266	42344
19.9833	42880
19.9927	43416
20.0021	43952
20.0116	41272
20.021	41808
20.0305	42344
20.0399	42880
20.0493	43416
20.0588	43952
20.0682	44488
20.0777	45024
20.1154	45560
20.1249	46096
20.1343	46632
20.1532	47168
20.1626	47704
20.1721	48240
20.1815	48776
20.1909	49312
20.2004	49848
20.2098	50384
20.2193	50920
20.257	51456
20.2665	51992
20.2759	52528
20.2853	51456
20.2948	51992
20.3042	52528
20.3137	53064
20.3231	53600
20.3325	54136
20.342	54672
20.3514	55208
20.3609	55744
20.3703	56280
20.4269	56816
20.4364	57352
20.4458	57888
20.4647	58424
20.4741	58960
20.4836	59496
20.493	60032
20.5025	60568
20.5119	61104
20.5213	61640
20.5308	62176
20.5402	62712
20.5497	63248
20.6063	63784
20.6157	64320
20.6252	64856
20.6346	63784
20.6441	64320
20.6535	64856
20.6629	65392
20.6724	65928
20.6818	66464
20.6913	67000
20.7007	67536
20.7101	68072
20.7196	68608
20.729	69144
20.7385	69680
20.7857	70216
20.7951	70752
20.8045	71288
20.8234	71824
20.8423	72360
20.8517	72896
20.8706	73432
20.8895	73968
20.9084	74504
20.9273	75040
20.9461	75576
20.965	76112
20.9745	76648
20.9933	77184
21.0122	77720
21.1161	78256
21.1349	78792
21.1538	79328
21.1727	78792
21.1916	79328
21.8429	78256
22.5509	77720
23.3628	12328
23.3628	12351
23.8537	12374
23.882	12397
23.9197	12420
23.9575	12443
23.9953	12466
24.033	12489
24.0708	12512
24.1085	12534
24.1463	12556
24.1841	12578
24.2218	12600
24.4407	12622
24.59	12644
24.6277	12666
24.6655	12688
24.7127	12710
24.7505	12732
24.7882	12754
24.826	12776
24.8732	12798
24.9109	12820
24.9487	12842
24.9865	12864
25.3924	12886
25.4301	12908
25.4679	12930
25.5151	12952
25.5529	12974
25.5906	12996
25.6284	13018
25.6945	13040
25.7322	13062
25.77	13083
25.8172	13104
25.8361	13125
26.2703	13146
26.3081	13167
26.3458	13188
26.3836	13209
26.4308	13230
26.478	13251
26.5157	13272
26.6007	13293
26.6385	13314
26.6762	13335
26.7234	13356
26.7423	13377
27.2237	13398
27.2615	13419
27.3087	13440
27.3465	13461
27.4031	13482
27.4503	13503
27.4881	13524
27.573	13545
27.6108	13566
27.658	13587
27.7335	8308
28.2055	8844
28.2149	9380
28.2433	9916
28.2527	10452
28.2621	10988
28.281	11524
28.2905	12060
28.3188	12596
28.3282	13132
28.3849	13668
28.3943	14204
28.4321	14740
28.4415	15276
28.4793	15812
28.5453	16348
28.5548	16884
28.5925	17420
28.602	17956
28.6209	18492
28.6303	19028
28.7058	10452
29.2533	10988
29.2628	11524
29.2722	12060
29.2817	12596
29.2911	13132
29.3005	13668
29.31	14204
29.3194	14740
29.3289	15276
29.3383	15812
29.3477	6700
29.3477	6742
29.5572	6784
29.5932	6826
29.6121	6868
29.6309	6909
29.6498	6950
29.6687	6991
29.7159	7032
29.7348	7072
29.7537	7112
29.7725	7152
29.7914	7192
29.8103	7231
29.8764	7270
29.8953	7309
29.9141	7348
29.933	7387
29.9519	7425
29.9708	7463
30.0652	7501
30.0841	7539
30.1029	7577
30.1218	7614
30.1407	7651
30.1596	7688
30.254	7725
30.2729	7762
30.2917	7799
30.3106	7835
30.3295	7871
30.3484	7907
30.3673	7943
30.4145	7979
30.4333	8015
30.4522	8050
30.4711	8085
30.49	8120
30.5089	8155
30.5277	8190
30.5561	8225
30.5749	8259
30.5938	8293
30.6127	8327
30.6316	8361
30.6505	8395
30.6693	8429
30.7071	8463
30.726	8496
30.7449	8529
30.7637	8562
30.7826	8595
30.8015	8628
30.8204	8661
30.877	8694
30.9053	8727
30.9431	8759
30.9809	8791
31.0186	8823
31.0564	8855
31.0753	8887
31.1036	8919
31.1791	8951
31.2169	8983
31.2735	9014
31.3018	9045
31.3207	9076
31.3396	9107
31.3679	9138
31.3868	9169
31.4529	9200
31.4906	9231
31.5567	9262
31.585	9293
31.6039	9323
31.6228	9353
31.6417	9383
31.6605	9413
31.7361	9443
31.7738	9473
31.8399	9503
31.8777	9533
31.8965	9563
31.9154	9593
31.9343	9622
31.9532	9651
32.0287	9680
32.0665	9709
32.1325	9738
32.1703	9767
32.1892	9796
32.2081	9825
32.2269	9854
32.2458	9883
32.2647	9912
32.3591	9940
32.3969	9968
32.4818	9996
32.5196	10024
32.5385	10052
32.5573	10080
32.5762	10108
32.5951	10136
32.614	10164
32.6895	10192
32.7273	10220
32.8311	10248
32.8783	10276
32.9066	10303
32.9255	10330
32.9444	10357
32.9633	10384
32.9821	10411
33.0671	10438
33.1049	10465
33.2087	10492
33.2748	10519
33.2937	10546
33.3125	10573
33.3314	10600
33.3503	10627
33.3692	10654
33.4636	10680
33.5013	10706
33.6052	10732
33.6807	10758
33.709	10784
33.7279	10810
33.7468	10836
33.7657	10862
33.7845	10888
33.8884	10914
33.9261	10940
34.03	10966
34.0489	10992
34.1338	11018
34.1716	11044
34.1905	11070
34.2093	11095
34.2282	11120
34.2471	11145
34.3509	11170
34.3887	11195
34.4925	11220
34.5114	11245
34.6247	11270
34.6625	11295
34.6813	11320
34.7002	11345
34.7191	11370
34.738	11395
34.8418	11420
34.889	11445
35.0117	11470
35.0306	11495
35.1345	11519
35.1722	11543
35.1911	11567
35.21	11591
35.2289	11615
35.2572	11639
35.3516	11663
35.4177	11687
35.5498	11711
35.5687	11735
35.6914	11759
35.7292	11783
35.7575	11807
35.7764	11831
35.7953	11855
35.8141	11879
35.918	11903
35.9746	11927
36.1257	11951
36.154	11975
36.2767	11998
36.3145	12021
36.3711	12044
36.39	12067
36.4089	12090
36.4277	12113
36.4466	12136
36.541	12159
36.5977	12182
36.7676	12205
36.8053	12228
36.9281	12251
36.9753	12274
37.0319	12297
37.0508	12320
37.0697	12343
37.0885	12366
37.1074	12389
37.2018	12412
37.2679	12435
37.4661	12458
37.5039	12481
37.6455	12504
37.7021	12526
37.7588	12548
37.7777	12570
37.7965	12592
37.8154	12614
37.8343	12636
37.9287	12658
37.9948	12680
38.2025	12702
38.2402	12724
38.4007	12746
38.4573	12768
38.5234	12790
38.5423	12812
38.5612	12834
38.5801	12856
38.6084	12878
38.7028	12900
38.7783	12922
38.9972	12944
39.0332	12966
39.0709	12988
39.2409	13010
39.2975	13032
39.3636	13054
39.3825	13076
39.4108	13097
39.4297	13118
39.4485	13139
39.5429	13160
39.6279	13181
39.8373	13202
39.9111	13223
39.9583	13244
40.1471	13265
40.2132	13286
40.2793	13307
40.2981	13328
40.317	13349
40.3359	13370
40.3548	13391
40.4492	13412
40.5436	13433
40.7625	13454
40.874	13475
40.9117	13496
41.1194	13517
41.1949	13538
41.2799	13559
41.3082	8308
41.3177	8844
41.3271	9380
41.3365	9916
41.346	10452
41.4309	10988
41.4404	11524
41.4498	12060
41.8935	12596
41.9029	13132
42.0917	13668
42.1106	14204
42.1861	14740
42.9697	15276
43.0546	15812
43.1585	9916
43.1773	10452
43.8853	10988
43.9797	11524
44.1119	12060
44.1308	12596
44.679	13132
44.7436	13668
44.827	14204
44.8454	14740
44.8548	15276
45.0962	15812
45.1339	16348
45.1811	16884
45.1906	17420
45.2094	17956
45.2189	18492
45.4266	19028
45.4738	19564
45.5398	20100
45.5587	20636
45.5776	21172
45.5965	21708
45.6154	22244
45.8823	22780
45.9374	23316
45.9652	21172
45.9841	21708
46.0025	22244
46.0119	22780
46.0397	23316
46.0681	23852
46.0864	24388
46.2995	24924
46.3456	25460
46.3645	24924
46.3829	25460
46.3923	25996
46.4112	26532
46.4296	27068
46.4574	27604
46.4763	28140
46.4946	28676
46.6898	29212
46.7265	29748
46.7454	6700
46.7454	6742
46.7732	6784
46.8105	6826
46.8477	6868
46.9038	6909
47.0985	6950
47.1357	6991
47.173	7032
47.2102	7072
47.2475	7112
47.3125	7152
47.5077	7192
47.545	7231
47.5822	7270
47.6195	7309
47.6661	7348
47.7218	7387
47.9264	7425
47.9636	7463
48.0009	7501
48.0381	7539
48.0848	7577
48.131	7614
48.3499	7651
48.3728	7688
48.4101	7725
48.4473	7762
48.4846	7799
48.5218	7835
48.578	7871
48.7915	7907
48.8287	7943
48.866	7979
48.9032	8015
48.9499	8050
49.0055	8085
49.0428	8120
49.2752	8155
49.3124	8190
49.3497	8225
49.3869	8259
49.4336	8293
49.4892	8327
49.5265	8361
49.7359	8395
49.7778	8429
49.815	8463
49.8617	8496
49.899	8529
49.9452	8562
50.0008	8595
50.038	8628
50.2893	8661
50.3266	8694
50.3732	8727
50.4194	8759
50.4661	8791
50.5217	8823
50.5406	8855
50.5779	8887
50.8381	8919
50.8753	8951
50.9126	8983
50.9593	9014
51.0149	9045
51.0705	9076
51.0894	9107
51.1361	9138
51.3868	9169
51.4241	9200
51.4708	9231
51.517	9262
51.592	9293
51.6381	9323
51.6754	9353
51.7126	9383
51.9315	9413
51.9823	9443
52.0196	9473
52.0568	9503
52.1035	9533
52.1869	9563
52.2242	9593
52.2614	9622
52.3081	9651
52.5589	9680
52.6056	9709
52.6428	9738
52.689	9767
52.7729	9796
52.8102	9825
52.8564	9854
52.8936	9883
52.9308	9912
53.1821	9940
53.2194	9968
53.2661	9996
53.3123	10024
53.3962	10052
53.4429	10080
53.4891	10108
53.5263	10136
53.5636	10164
53.8148	10192
53.861	10220
53.8983	10248
53.945	10276
54.0473	10303
54.094	10330
54.1401	10357
54.1774	10384
54.2146	10411
54.4843	10438
54.5215	10465
54.5588	10492
54.596	10519
54.7078	10546
54.7634	10573
54.8006	10600
54.8379	10627
54.8751	10654
55.1029	10680
55.1632	10706
55.2004	10732
55.2377	10758
55.2749	10784
55.4055	10810
55.4517	10836
55.489	10862
55.5356	10888
55.5729	10914
55.8515	10940
55.8887	10966
55.9171	10992
55.9543	11018
55.9916	11044
56.1217	11070
56.1678	11095
56.2051	11120
56.2423	11145
56.289	11170
56.5676	11195
56.6049	11220
56.6421	11245
56.6794	11270
56.7166	11295
56.8562	11320
56.8934	11345
56.9401	11370
56.9773	11395
57.0235	11420
57.2932	11445
57.3399	11470
57.3771	11495
57.4233	11519
57.47	11543
57.6001	11567
57.6373	11591
57.6746	11615
57.7213	11639
57.7769	11663
57.9863	11687
58.0466	11711
58.0932	11735
58.1394	11759
58.1767	11783
58.2328	11807
58.3629	11831
58.4002	11855
58.4374	11879
58.4836	11903
58.5581	11927
58.8188	11951
58.865	11975
58.9022	11998
58.9489	12021
58.9951	12044
59.0324	12067
59.1441	12090
59.1908	12113
59.228	12136
59.2742	12159
59.3487	12182
59.6278	12205
59.6745	12228
59.7117	12251
59.7579	12274
59.7952	12297
59.8419	12320
59.9625	12343
59.9998	12366
60.037	12389
60.0926	12412
60.1671	12435
60.4557	12458
60.5113	12481
60.5485	12504
60.5858	12526
60.623	12548
60.6787	12570
60.7904	12592
60.8276	12614
60.8649	12636
60.9205	12658
60.995	12680
61.2139	12702
61.3019	12724
61.3575	12746
61.3948	12768
61.432	12790
61.4787	12812
61.5343	12834
61.6461	12856
61.6833	12878
61.73	12900
61.7762	12922
61.8601	12944
62.1576	12966
62.2132	12988
62.2505	13010
62.2877	13032
62.3433	13054
62.3806	13076
62.5107	13097
62.5479	13118
62.5668	13139
62.6135	13160
62.6597	13181
62.7436	13202
63.06	13223
63.1061	13244
63.1434	13265
63.1806	13286
63.2363	13307
63.2735	13328
63.4036	13349
63.4409	13370
63.4692	13391
63.5154	13412
63.562	13433
63.6455	13454
63.9713	13475
64.0174	13496
64.0547	13517
64.0919	13538
64.1476	13559
64.1848	13580
64.3244	13601
64.3616	13622
64.3988	13643
64.4361	13664
64.4733	13685
64.5662	13705
64.7756	13725
64.9104	13745
64.9476	13765
64.9849	13785
65.0316	13805
65.0777	13825
65.115	13845
65.2545	13865
65.2918	13885
65.338	13905
65.3752	13925
65.4124	13945
65.5148	13965
65.8495	13985
65.8867	14005
65.924	14025
65.9707	14045
66.0168	14065
66.0541	14085
66.1936	14105
66.2309	14125
66.2776	14145
66.3237	14165
66.361	14185
66.3893	14205
66.4727	14225
66.8075	14245
66.8541	14265
66.8914	14285
66.9376	14305
66.9748	14325
67.0309	14345
67.1611	14365
67.2072	14384
67.2445	14403
67.2912	14422
67.3284	14441
67.4307	14460
67.7749	8576
67.8027	9112
67.8216	9648
67.8399	10184
67.8588	10720
67.8956	11256
67.905	11792
67.9328	12328
67.9422	12864
67.9795	13400
67.9979	13936
68.1096	14472
68.128	15008
68.1558	15544
68.1652	16080
68.193	16616
68.2025	17152
68.2303	17688
68.2492	18224
68.3048	18760
68.3142	19296
68.3887	19832
68.4307	536
68.5487	1072
68.6903	1608
68.7186	2144
68.7469	2680
68.7847	3216
68.8319	3752
68.9735	4288
69.3133	3752
69.3228	4288
69.3322	4824
69.3416	5360
69.3511	5896
69.37	6432
69.3983	6968
69.4077	7504
69.4172	8040
69.4644	7504
69.5021	6968
69.5304	6432
69.6532	2144
69.6532	2278
69.8608	2404
69.8797	2523
69.9175	2636
69.9741	2744
70.0213	2848
70.0402	2948
70.2496	3045
70.4084	3139
70.465	3230
70.852	3318
70.9087	3404
70.937	3488
71.324	3570
71.3807	3650
71.4279	3728
71.8338	3805
71.8904	3880
71.9471	3954
72.3908	4026
72.4474	4097
72.504	4167
72.7135	4235
72.9855	4302
73.0421	4368
73.1082	4433
73.5159	4497
73.618	4560
73.6746	4623
73.7312	4685
73.9407	4746
74.2976	4806
74.3543	4865
74.4109	4924
74.6298	4982
74.8658	5039
75.034	5096
75.1	5152
75.1567	5207
75.3661	5262
75.5927	5316
75.8269	5370
75.893	5423
75.9591	5475
76.1685	5527
76.3856	5578
76.6311	5629
76.6765	5680
76.752	5730
76.8181	5780
77.0276	5829
77.2636	5878
77.4996	5926
77.6016	5974
77.696	6022
77.7527	6069
77.9621	6116
78.1887	6162
78.453	6208
78.6778	4556
78.7344	5092
78.7439	5628
79.1876	6164
79.9522	6700
80.056	4020
80.0655	4556
80.0749	5092
80.1693	4556
80.1882	5092
80.2071	5628
80.226	6164
80.3392	2948
80.3392	3045
80.377	3139
80.4336	3230
80.6319	3318
80.7074	3404
80.7452	3488
80.9717	3570
81.0661	3650
81.1228	3728
81.406	3805
81.5192	3880
81.5948	3954
81.9346	4026
82.0573	4097
82.1517	4167
82.3706	4235
82.5671	4302
82.7084	4368
82.8191	4433
83.124	4497
83.1612	4560
83.2536	4623
83.3276	4685
83.5495	4746
83.5962	4806
83.6702	4865
83.7353	4924
83.9205	4982
83.9672	5039
84.0317	5096
84.0784	5152
84.2547	5207
84.3014	5262
84.3476	5316
84.4032	5370
84.58	5423
84.6267	5475
84.6728	5527
84.7195	5578
84.7473	5629
84.9147	5680
84.9614	5730
85.0076	5780
85.0448	5829
85.082	5878
85.2683	5926
85.315	5974
85.3612	6022
85.3984	6069
85.4356	6116
85.6403	6162
85.6775	6208
85.7148	6254
85.7614	6299
85.7987	6344
86.0171	6389
86.0311	6433
86.0684	6477
86.1056	6521
86.1523	6565
86.1985	6608
86.4125	6651
86.4403	6694
86.4776	6736
86.5148	6778
86.5521	6820
86.6171	6862
86.8217	6903
86.859	6944
86.8962	6985
86.9335	7026
86.9707	7066
87.0263	7106
87.2498	7146
87.2871	7186
87.3332	7225
87.3616	7264
87.3988	7303
87.4544	7342
87.6733	7381
87.6868	7419
87.7335	7457
87.7797	7495
87.817	7533
87.8542	7571
87.9103	7608
88.1333	7645
88.18	7682
88.2262	7719
88.2634	7756
88.2917	7793
88.3384	7829
88.3846	7865
88.6265	7901
88.6637	7937
88.7104	7973
88.7566	8009
88.7849	8044
88.8311	8079
88.8778	8114
89.138	8149
89.1752	8184
89.2125	8219
89.2592	8253
89.3059	8287
89.3431	8321
89.3893	8355
89.5987	8389
89.6589	8423
89.6962	8457
89.7334	8490
89.7891	8523
89.8452	8556
89.8824	8589
89.9291	8622
90.1988	8655
90.236	8688
90.2822	8721
90.3195	8753
90.394	8785
90.4312	8817
90.4684	8849
90.5057	8881
90.7659	8913
90.8032	8945
90.8499	8977
90.8871	9009
90.9705	9040
91.0078	9071
91.045	9102
91.0823	9133
91.3519	9164
91.3892	9195
91.4359	9226
91.4731	9257
91.5565	9288
91.5938	9318
91.631	9348
91.6777	9378
91.8961	9408
91.9663	9438
92.0124	9468
92.0497	9498
92.0869	9528
92.1798	9558
92.2171	9588
92.2543	9617
92.2916	9646
92.589	9675
92.6263	9704
92.6635	9733
92.7008	9762
92.8031	9791
92.8403	9820
92.887	9849
92.9243	9878
93.1426	9907
93.2401	9935
93.2684	9963
93.3146	9991
93.3518	10019
93.4447	10047
93.482	10075
93.5286	10103
93.5659	10131
93.7843	10159
93.8817	10187
93.919	10215
93.9562	10243
93.9935	10271
94.0958	10298
94.133	10325
94.1886	10352
94.2259	10379
94.4353	10406
94.5422	10433
94.5795	10460
94.6167	10487
94.654	10514
94.6912	10541
94.7841	10568
94.8213	10595
94.877	10622
94.9142	10649
95.2306	10675
95.2678	10701
95.3145	10727
95.3517	10753
95.389	10779
95.4819	10805
95.5191	10831
95.5653	10857
95.6025	10883
95.8214	10909
95.9561	10935
95.9934	10961
96.0401	10987
96.0773	11013
96.1146	11039
96.198	11065
96.2447	11090
96.2908	11115
96.3281	11140
96.5375	11165
96.6817	11190
96.7279	11215
96.7651	11240
96.8024	11265
96.8491	11290
96.9419	11315
96.9792	11340
97.0348	11365
97.072	11390
97.2815	11415
97.4351	11440
97.4812	11465
97.5185	11490
97.5557	11515
97.5841	11539
97.6302	11563
97.7142	11587
97.7604	11611
97.7976	11635
97.8443	11659
98.2068	11683
98.2535	11707
98.2908	11731
98.3369	11755
98.3652	11779
98.4114	11803
98.4954	11827
98.5415	11851
98.5788	11875
98.616	11899
98.8438	11923
99.0252	11947
99.0625	11971
99.0997	11994
99.1464	12017
99.1742	12040
99.2299	12063
99.3044	12086
99.3416	12109
99.3883	12132
99.4255	12155
99.6439	12178
99.8342	12201
99.8715	12224
99.9087	12247
99.9554	12270
99.9832	12293
