15	536
15.073	1072
15.1348	1608
15.2093	2144
15.2838	2680
15.3211	3216
15.405	3752
15.4422	4288
15.4611	4824
15.5828	5360
15.6106	5896
15.6479	6432
15.6762	6968
15.8351	7504
15.8629	8040
15.9002	8576
15.9285	9112
15.9563	9648
15.9936	10184
16.1992	10720
16.2364	11256
16.2553	11792
16.2926	12328
16.3298	12864
16.3487	13400
16.386	13936
16.4048	14472
16.4421	15008
16.661	15544
16.7878	16080
16.8161	16616
16.8439	17152
16.8812	17688
16.9	18224
16.9373	18760
16.9562	19296
16.9934	19832
17.0217	20368
17.0495	20904
17.0779	21440
17.1057	21976
17.1429	22512
17.3524	23048
17.4608	23584
17.6664	24120
17.6942	24656
17.7226	25192
17.7504	25728
17.7876	26264
17.8065	26800
17.8437	27336
17.8626	27872
17.8999	28408
17.9282	28944
17.956	29480
17.9843	30016
18.0121	30552
18.031	31088
18.0499	31624
18.0688	32160
18.0876	32696
18.1065	33232
18.4423	536
19.1903	1072
19.313	1608
19.398	2144
19.4924	2680
19.5018	3216
19.6057	536
19.6245	1072
19.6529	1608
19.6623	1786
19.7756	536
19.8133	1072
19.8228	1340
19.9455	536
19.9644	1072
20.0965	1340
20.106	1554
20.2381	1738
20.2476	1903
20.3986	2053
20.4081	2192
20.5685	2323
20.578	2446
20.7479	2563
20.7573	2675
20.7668	2782
21.0405	2885
21.0783	2984
21.2972	3080
21.3237	3173
21.3804	3263
21.6447	3351
21.7202	3436
21.758	3519
22.0412	3600
22.1356	3679
22.1828	3757
22.3716	3833
22.4754	3907
22.5321	3980
22.7303	4052
22.853	4122
22.9191	4191
23.1173	4259
23.2589	4326
23.3345	4392
23.5421	4457
23.7026	4521
23.7309	4584
23.8065	4646
24.2785	4707
24.4295	4768
24.4673	4828
24.5522	4887
25.0337	4945
25.1941	5003
25.2508	5060
25.3546	5116
25.5641	5172
25.8738	5227
26.0626	5281
26.1004	5335
26.2231	5388
26.6402	5441
26.7801	5493
26.9877	5545
27.0255	5596
27.1765	5647
27.386	5697
27.7618	5747
27.9713	5796
28.7341	536
29.3666	1072
29.6876	1608
29.697	2144
29.8386	2680
29.8575	3216
29.9991	536
30.018	1072
30.0369	1608
30.0557	1786
30.1973	536
30.2351	1072
30.3767	1340
30.5372	1554
30.6977	1738
30.8487	1903
31.0676	2053
31.1413	2192
31.3962	2323
31.4245	2446
31.6889	2563
31.7172	2675
31.9815	2782
32.0004	2885
32.2836	2984
32.3025	3080
32.5213	3173
32.6329	3263
32.6517	3351
32.9916	3436
33.0105	3519
33.0388	3600
33.3975	3679
33.4164	3757
33.4353	3833
33.8129	3907
33.8317	3980
33.8506	4052
34.0601	4122
34.266	4191
34.2849	4259
34.3037	4326
34.7303	4392
34.7569	4457
34.7757	4521
34.7946	4584
35.0041	4646
35.2761	4707
35.2949	4768
35.3138	4828
35.5233	4887
35.7404	4945
35.8425	5003
35.8613	5060
35.8802	5116
36.0879	5172
36.4561	5227
36.4749	5281
36.4938	5335
36.7015	5388
36.9204	5441
37.1263	5493
37.1452	5545
37.1641	5596
37.3906	5647
37.6001	5697
37.8172	5747
37.8626	5796
37.8815	5845
37.9004	5894
38.1458	5942
38.5535	5990
38.6273	6037
38.6461	6084
38.665	6131
38.8745	6177
38.9388	6223
39.1577	6269
39.4674	6314
39.4863	6359
39.5052	6404
39.7146	6448
39.8073	6492
40.0167	6536
40.2527	6579
40.3831	6622
40.402	6665
40.4209	6708
40.6569	6750
40.7701	6792
41.1778	6834
41.3743	536
42.29	1072
43.2057	1608
44.1874	2144
44.4063	2680
44.9104	3216
45.049	3752
45.2472	3828
45.2661	3903
45.3699	3976
45.5888	4048
45.6698	4118
45.7071	4187
45.8267	4255
46.1237	4322
46.1699	4388
46.2438	4453
46.4627	4517
46.5413	4580
46.5786	4642
46.6431	4703
46.8525	4764
46.9406	4824
46.9778	4883
47.0334	4941
47.2429	4999
47.3404	5056
47.3592	5112
47.3965	5168
47.4521	5223
47.759	5278
47.7873	5332
47.8246	5385
47.8708	5438
48.0896	5490
48.196	5542
48.2244	5593
48.2705	5644
48.3078	5694
48.5172	5744
48.6336	5794
48.6708	5843
48.717	5892
48.7542	5940
48.9637	5988
49.089	6035
49.1262	6082
49.1635	6129
49.2007	6175
49.238	6221
49.5637	6267
49.6104	6312
49.6477	6357
49.6939	6402
49.7311	6446
49.9405	6490
50.0753	6534
50.1125	6577
50.1592	6620
50.2054	6663
50.2426	6706
50.4521	6748
50.6057	6790
50.6429	6832
50.6896	6874
50.7358	6915
50.773	6956
50.9776	6997
51.1639	7038
51.2011	7078
51.2567	7118
51.294	7158
51.3312	7198
51.5453	7237
51.7499	7276
51.7871	7315
51.8338	7354
51.8711	7393
51.9172	7431
52.1219	7469
52.3265	7507
52.3732	7545
52.4193	7583
52.4566	7620
52.4938	7657
52.7127	7694
52.7357	7731
52.9497	7768
52.987	7804
53.0337	7840
53.0709	7876
53.1171	7912
53.3217	7948
53.3589	7984
53.6008	8019
53.638	8054
53.6753	8089
53.7125	8124
53.7682	8159
53.9728	8194
54.01	8229
54.2519	8263
54.2891	8297
54.3264	8331
54.3636	8365
54.4192	8399
54.6287	8433
54.6522	8467
54.6894	8500
54.9402	8533
54.9774	8566
55.0147	8599
55.0519	8632
55.1076	8665
55.3216	8698
55.3588	8731
55.5772	8763
55.6285	8795
55.6658	8827
55.7119	8859
55.7403	8891
55.7959	8923
56.0148	8955
56.0377	8987
56.075	9018
56.3352	9049
56.3724	9080
56.4097	9111
56.4469	9142
56.5026	9173
56.712	9204
56.7539	9235
56.7911	9266
57.01	9297
57.0702	9327
57.1075	9357
57.1447	9387
57.1909	9417
57.2281	9447
57.447	9477
57.5072	9507
57.5445	9537
57.7491	9567
57.833	9597
57.8703	9626
57.9164	9655
57.9537	9684
57.9909	9713
58.2512	9742
58.2979	9771
58.5025	9800
58.5859	9829
58.6231	9858
58.6698	9887
58.6976	9916
58.7349	9944
58.7816	9972
59.0512	10000
59.0885	10028
59.3025	10056
59.386	10084
59.4232	10112
59.4699	10140
59.4977	10168
59.5444	10196
59.5906	10224
59.8697	10252
59.9069	10280
60.121	10307
60.2044	10334
60.2416	10361
60.2883	10388
60.3256	10415
60.3717	10442
60.409	10469
60.6184	10496
60.707	10523
60.7532	10550
60.9672	10577
61.0511	10604
61.0973	10631
61.1346	10658
61.1718	10684
61.2274	10710
61.2647	10736
61.5532	10762
61.5994	10788
61.804	10814
61.8969	10840
61.9341	10866
61.9714	10892
62.018	10918
62.0737	10944
62.1109	10970
62.1482	10996
62.4273	11022
62.474	11048
62.6969	11074
62.7809	11099
62.8181	11124
62.8643	11149
62.9015	11174
62.9572	11199
62.9944	11224
63.0316	11249
63.3202	11274
63.3664	11299
63.5993	11324
63.6827	11349
63.72	11374
63.7667	11399
63.8128	11424
63.8501	11449
63.8968	11474
63.934	11499
64.222	11523
64.2593	11547
64.4871	11571
64.5384	11595
64.6129	11619
64.6501	11643
64.7058	11667
64.743	11691
64.7803	11715
64.8269	11739
64.8731	11763
65.1522	11787
65.1989	11811
65.4591	11835
65.5426	11859
65.5798	11883
65.6265	11907
65.6727	11931
65.7194	11955
65.7566	11979
65.8033	12002
66.0217	12025
66.1008	12048
66.1564	12071
66.3658	12094
66.4266	12117
66.51	12140
66.5472	12163
66.5939	12186
66.6401	12209
66.6773	12232
66.724	12255
66.7702	12278
67.0588	12301
67.1049	12324
67.3238	12347
67.384	12370
67.468	12393
67.5052	12416
67.5425	12439
67.5981	12462
67.6353	12485
67.6726	12508
67.7282	12530
67.9376	12552
68.0262	12574
68.0724	12596
68.2864	12618
68.3515	12640
68.426	12662
68.4448	12684
68.4637	12706
68.4826	12728
68.5015	12750
68.5204	12772
68.5392	12794
68.6148	12816
68.6431	12838
68.8036	12860
68.8508	12882
68.9357	12904
68.9924	12926
69.0301	12948
69.0679	12970
69.0868	12992
69.1056	13014
69.1245	13036
69.2189	13058
69.2567	13080
69.4756	13101
69.4927	13122
69.5682	13143
69.6248	13164
69.6626	13185
69.6815	13206
69.7004	13227
69.7192	13248
69.7381	13269
69.757	13290
69.8042	13311
69.8231	13332
69.993	13353
70.0119	13374
70.0968	13395
70.1535	13416
70.1724	13437
70.1912	13458
70.2101	13479
70.229	13500
70.2479	13521
70.2668	13542
70.3045	13563
70.3234	13584
70.4272	13605
70.4461	13626
70.5311	13647
70.5877	13668
70.6066	13689
70.6255	13709
70.6444	13729
70.6632	13749
70.6821	13769
70.7104	13789
70.7482	13809
70.7671	13829
70.8709	13849
70.8898	13869
71.0031	13889
71.0597	13909
71.0786	13929
71.0975	13949
71.1164	13969
71.1352	13989
71.1541	14009
71.173	14029
71.2108	14049
71.2391	14069
71.3335	14089
71.3524	14109
71.494	14129
71.5506	14149
71.5789	14169
71.5978	14189
71.6167	14209
71.6356	14229
71.6544	14249
71.6733	14269
71.6922	14289
71.73	14309
71.7488	14329
71.8527	14349
71.8716	14369
72.032	14388
72.0981	14407
72.117	14426
72.1359	14445
72.1548	14464
72.1736	14483
72.1925	14502
72.2114	14521
72.2303	14540
72.268	14559
72.2869	14578
72.4191	14597
72.438	14616
72.5984	14635
72.6834	14654
72.7023	14673
72.7212	14692
72.74	14711
72.7589	14730
72.7778	14749
72.7967	14768
72.8156	14787
72.8533	14806
72.8722	14825
72.9949	14844
73.0138	14863
73.2026	14882
73.2781	14901
73.297	14920
73.3253	14939
73.3442	14958
73.3631	14977
73.382	14996
73.4008	15015
73.4197	15034
73.4669	15053
73.4858	15072
73.6368	15091
73.6557	15110
73.8445	15129
73.9389	15147
73.9578	15165
73.9767	15183
73.9956	15201
74.0144	15219
74.0333	15237
74.0522	15255
74.0711	15273
74.09	15291
74.1372	15309
74.156	15327
74.326	15345
74.3448	15363
74.5525	15381
74.6564	15399
74.6847	15417
74.7036	15435
74.7224	15453
74.7413	15471
74.7602	15489
74.7791	15507
74.798	15525
74.8168	15543
74.8546	15561
74.8735	15579
75.0623	15597
75.0812	15615
75.3172	15633
75.4304	15651
75.4493	15669
75.4682	15687
75.4871	15705
75.506	15723
75.5248	15741
75.5437	15759
75.5626	15777
75.5815	15795
75.6192	15813
75.657	15831
75.8552	15849
75.8741	15867
76.0836	15885
76.129	15903
76.2706	15921
76.2895	15939
76.3084	15957
76.3272	15975
76.3461	15992
76.365	16009
76.3839	16026
76.4028	16043
76.4216	16060
76.4688	16077
76.4877	16094
76.7237	16111
76.7426	16128
77.0069	16145
77.1674	16162
77.1863	16179
77.2052	16196
77.224	16213
77.2429	16230
77.2618	16247
77.2807	16264
77.309	16281
77.3279	16298
77.3656	16315
77.3845	16332
77.4034	16349
77.6677	16366
77.6866	16383
77.9698	16400
78.1492	16417
78.168	16434
78.1869	16451
78.2058	16468
78.2247	16485
78.2436	16502
78.2719	16519
78.2908	16536
78.3096	16553
78.3568	16570
78.3757	16587
78.3946	16604
78.64	16621
78.6589	16638
79.1498	536
79.7351	1072
80.0372	1340
80.1316	1554
80.3015	1738
80.5375	1903
80.7564	2053
80.8584	2192
81.2455	2323
81.2832	2446
81.7364	2563
81.793	2675
82.3311	2782
82.4066	2885
82.9577	2984
83.0227	3080
83.2411	3173
83.4199	3263
83.4756	3351
83.7904	3436
83.8187	3519
83.8649	3600
84.134	3679
84.1713	3757
84.218	3833
84.4682	3907
84.5055	3980
84.5427	4052
84.7522	4122
84.8029	4191
84.8402	4259
84.8774	4326
85.1287	4392
85.166	4457
85.2122	4521
85.231	4584
85.4823	4646
85.5285	4707
85.5658	4768
85.5941	4828
85.8543	4887
85.901	4945
85.9472	5003
85.9755	5060
86.1939	5116
86.2357	5172
86.2913	5227
86.3286	5281
86.3658	5335
86.636	5388
86.6822	5441
86.7194	5493
86.7661	5545
86.9845	5596
87.0636	5647
87.1008	5697
87.1381	5747
87.1848	5796
87.4031	5845
87.5011	5894
87.5384	5942
87.5845	5990
87.6218	6037
87.8312	6084
87.9381	6131
87.9843	6177
88.0032	6223
88.0404	6269
88.0871	6314
88.4124	6359
88.4497	6404
88.4869	6448
88.5242	6492
88.5614	6536
88.7803	6579
88.9056	6622
88.9428	6665
88.9895	6708
89.0173	6750
89.064	6792
89.2775	6834
89.436	6876
89.4732	6917
89.5199	6958
89.5572	6999
89.6033	7040
89.8079	7080
89.9753	7120
90.0125	7160
90.0592	7200
90.0965	7239
90.1521	7278
90.3567	7317
90.5335	7356
90.5708	7395
90.6174	7433
90.6547	7471
90.7009	7509
90.9055	7547
91.1101	7585
91.1473	7622
91.1846	7659
91.2218	7696
91.2774	7733
91.2963	7770
91.5009	7806
91.715	7842
91.7617	7878
91.7989	7914
91.8451	7950
91.8823	7986
91.9196	8021
92.1242	8056
92.3382	8091
92.3844	8126
92.4217	8161
92.4684	8196
92.5056	8231
92.5523	8265
92.7658	8299
92.9704	8333
93.0077	8367
93.0544	8401
93.1005	8435
93.1378	8469
93.175	8502
93.3939	8535
93.4169	8568
93.6215	8601
93.6588	8634
93.7144	8667
93.7516	8700
93.7889	8733
93.8356	8765
94.0585	8797
94.2726	8829
94.3004	8861
94.3376	8893
94.3843	8925
94.4305	8957
94.4772	8989
94.5144	9020
94.7468	9051
94.9515	9082
94.9887	9113
95.026	9144
95.0816	9175
95.1188	9206
95.1749	9237
95.2122	9268
95.454	9298
95.6676	9328
95.7048	9358
95.7421	9388
95.7793	9418
95.826	9448
95.8722	9478
95.9094	9508
96.1283	9538
96.1885	9568
96.3932	9598
96.4304	9627
96.4771	9656
96.5143	9685
96.57	9714
96.6166	9743
96.6539	9772
96.9141	9801
97.1276	9830
97.1649	9859
97.2021	9888
97.2394	9917
97.2766	9945
97.3233	9973
97.3789	10001
97.4162	10029
97.6859	10057
97.8905	10085
97.9277	10113
97.965	10141
98.0116	10169
98.0489	10197
98.1045	10225
98.1601	10253
98.1974	10281
98.4765	10308
98.6811	10335
98.7183	10362
98.7556	10389
98.8112	10416
98.8484	10443
98.8857	10470
98.9413	10497
98.9786	10524
99.188	10551
99.286	10578
99.4995	10605
99.5368	10632
99.574	10659
99.6296	10685
99.6763	10711
99.7136	10737
99.7603	10763
99.8064	10789
